"ClassAtotal","ClassBtotal","ClassCtotal","ClassDtotal","ClassEtotal"
0.0166666666666667,0.05,0.161111111111111,0.0777777777777778,0
0,0.0722222222222222,0.133333333333333,0.00555555555555556,0
0,0.0111111111111111,0.0166666666666667,0.0111111111111111,0
0.00555555555555556,0.00555555555555556,0,0,0
0,0,0.00555555555555556,0,0
0,0.0222222222222222,0.05,0.00555555555555556,0
0,0.0888888888888889,0.122222222222222,0.0444444444444444,0.0111111111111111
0.0333333333333333,0.0166666666666667,0.366666666666667,0.222222222222222,0
0,0.00555555555555556,0,0,0
0,0.1,0.166666666666667,0.0222222222222222,0
0,0,0,0,0
0,0.0666666666666667,0.188888888888889,0.0111111111111111,0
0,0.155555555555556,0.266666666666667,0.0222222222222222,0
0,0.138888888888889,0.166666666666667,0,0
0.0111111111111111,0.0666666666666667,0.177777777777778,0.0333333333333333,0
0,0.0111111111111111,0.0166666666666667,0,0
0,0.0611111111111111,0.0888888888888889,0.0111111111111111,0
0,0.00555555555555556,0.00555555555555556,0,0
0,0.1,0.211111111111111,0.0166666666666667,0
0.0111111111111111,0.0666666666666667,0.166666666666667,0.00555555555555556,0
0,0.161111111111111,0.311111111111111,0.0555555555555556,0
0.00555555555555556,0.0777777777777778,0.133333333333333,0,0
0,0,0,0,0
0,0.0111111111111111,0,0,0
0,0,0.00555555555555556,0,0
0,0.0722222222222222,0.244444444444444,0.0611111111111111,0
0,0.161111111111111,0.15,0.0222222222222222,0
0,0.0222222222222222,0.0444444444444444,0,0
0,0,0,0,0
0,0.0444444444444444,0.127777777777778,0.00555555555555556,0
0,0.0555555555555556,0.177777777777778,0,0
0.00555555555555556,0.0388888888888889,0.0611111111111111,0,0
0.00555555555555556,0.0444444444444444,0.172222222222222,0.0833333333333333,0
0,0.05,0.105555555555556,0.00555555555555556,0
0,0.0444444444444444,0.111111111111111,0.0333333333333333,0
0,0.00555555555555556,0,0,0
0,0,0,0,0
0,0.0166666666666667,0.0666666666666667,0,0
0.00555555555555556,0.0333333333333333,0.194444444444444,0.166666666666667,0
0,0.0166666666666667,0.0111111111111111,0.00555555555555556,0
0,0,0,0,0
0.0111111111111111,0.0833333333333333,0.316666666666667,0.0277777777777778,0.00555555555555556
0,0.0333333333333333,0.0555555555555556,0.00555555555555556,0
0,0.00555555555555556,0.05,0.0166666666666667,0
0.0722222222222222,0.0166666666666667,0.105555555555556,0.0111111111111111,0
0,0.0277777777777778,0.15,0,0
0,0.105555555555556,0.261111111111111,0.0111111111111111,0
0,0,0,0,0
0.0222222222222222,0.111111111111111,0.15,0.0222222222222222,0
0,0.0277777777777778,0.0277777777777778,0,0
0,0,0,0,0
0.0222222222222222,0.0333333333333333,0.288888888888889,0.0888888888888889,0
0,0.0222222222222222,0.0944444444444444,0.0111111111111111,0
0.0222222222222222,0.127777777777778,0.05,0.00555555555555556,0
0,0.105555555555556,0.0722222222222222,0,0
0.00555555555555556,0.0166666666666667,0.111111111111111,0.0611111111111111,0
0.00555555555555556,0.0277777777777778,0.133333333333333,0.127777777777778,0
0,0.0444444444444444,0.188888888888889,0.0111111111111111,0
0,0.0888888888888889,0.361111111111111,0.1,0
0.1,0.0611111111111111,0.244444444444444,0.0388888888888889,0
0,0.0555555555555556,0.111111111111111,0.0111111111111111,0
0,0.0444444444444444,0.316666666666667,0.0666666666666667,0
0.00555555555555556,0.0166666666666667,0.155555555555556,0.0666666666666667,0.00555555555555556
0,0.05,0.133333333333333,0.0444444444444444,0
0,0.0277777777777778,0.0388888888888889,0,0
0,0.0333333333333333,0.0277777777777778,0,0
0.0111111111111111,0.05,0.0555555555555556,0,0
0,0.0611111111111111,0.188888888888889,0.0388888888888889,0
0.166666666666667,0.0611111111111111,0.205555555555556,0,0
0,0.0944444444444444,0.138888888888889,0,0
0,0,0.0222222222222222,0.0111111111111111,0.00555555555555556
0,0.0111111111111111,0.0388888888888889,0,0
0,0.0888888888888889,0.305555555555556,0.0333333333333333,0
0,0.0166666666666667,0.05,0,0
0,0.0833333333333333,0.133333333333333,0.0444444444444444,0
0,0,0,0,0
0,0,0.00555555555555556,0,0
0,0,0,0,0
0,0.05,0.238888888888889,0.0166666666666667,0
0,0,0,0,0
0,0.122222222222222,0.188888888888889,0.00555555555555556,0
0,0,0,0,0
0,0,0,0,0
0,0,0,0,0
0,0.00555555555555556,0.0166666666666667,0,0
0,0.0222222222222222,0.0277777777777778,0.0166666666666667,0
0,0,0,0,0
0.0111111111111111,0.0555555555555556,0.233333333333333,0.0388888888888889,0
0.00555555555555556,0.0333333333333333,0.155555555555556,0.00555555555555556,0
0,0.116666666666667,0.283333333333333,0.0444444444444444,0
0,0,0.0166666666666667,0,0
0,0.0611111111111111,0.194444444444444,0.0222222222222222,0
0.0166666666666667,0.0555555555555556,0.0722222222222222,0,0
0,0.05,0.144444444444444,0.00555555555555556,0
0,0,0.0111111111111111,0,0
0,0,0,0,0
0.00555555555555556,0.0611111111111111,0.216666666666667,0.0277777777777778,0
0.00555555555555556,0.0277777777777778,0.0833333333333333,0.00555555555555556,0
0.0611111111111111,0.0555555555555556,0.472222222222222,0.0833333333333333,0.00555555555555556
