ident	Latitude	Longitude	y_proj	x_proj	comment	altitude
7	37.95631126	-109.9259714	4201511.005	594355.0788	17-JUL-13 3:21:27PM	1880.690674
007 02	37.95040285	-109.9455649	4200835.765	592641.154	007 02	1885.737549
007 03	37.95142779	-109.9454789	4200949.574	592647.4225	007 03	1878.047119
007 OR 051 01	37.94900383	-109.9150449	4200711.326	595324.4563	007 OR 051 01	1883.093994
9	37.95026983	-109.9454479	4200821.122	592651.6018	9	1880.690674
10	37.95040285	-109.9455649	4200835.765	592641.154	10	1885.497314
11	37.95143182	-109.9454629	4200950.036	592648.824	11	1877.566406
12	37.97602784	-109.9377409	4203686.822	593296.1409	12	1877.566406
13	37.97523583	-109.9237679	4203613.039	594524.3975	13	1879.729492
041 01	37.95143182	-109.9454639	4200950.035	592648.7356	041 01	1877.566406
041 02	37.95904283	-109.9496838	4201790.333	592268.453	041 02	1870.59668
051 01	37.95000387	-109.9294479	4200807.647	594057.7023	051 01	1880.450439
1	38.02125273	-109.9067414	4208736.358	595959.8602	1	
10	38.00950633	-109.9034986	4207436.36	596259.8626	10	
103 01	37.9467118	-109.9142689	4200457.806	595395.6008	103 01	1894.38916
103 02	37.94787982	-109.9144819	4200587.187	595375.3769	103 02	1888.861816
11	38.00734364	-109.9035308	4207196.359	596259.865	11	
12	38.00735814	-109.9345128	4207166.365	593539.8608	12	
13	38.00678691	-109.9115124	4207126.359	595559.865	13	
14	38.00588485	-109.8825945	4207056.365	598099.8621	14	
15	38.00627603	-109.9444381	4207036.366	592669.8621	15	
16	38.00574454	-109.9157422	4207006.364	595189.8618	16	
17	38.00519686	-109.9052713	4206956.36	596109.8648	17	
18	38.00489252	-109.8824957	4206946.363	598109.8606	18	
19	38.00478565	-109.8902426	4206926.364	597429.8596	19	
19-1	37.98382133	-109.941106	4204548.193	592990.7439	23-JUL-13 8:30:02AM	1896.312012
19-2	37.98383952	-109.9409237	4204550.393	593006.7311	23-JUL-13 8:30:40AM	1899.916748
19-3	37.98385075	-109.9407644	4204551.799	593020.7102	23-JUL-13 8:31:23AM	1900.397461
19-4	37.98356686	-109.9406993	4204520.364	593026.7882	23-JUL-13 8:32:11AM	1899.916748
19-5	37.98357055	-109.9408678	4204520.605	593011.9805	23-JUL-13 8:32:42AM	1899.436035
19-6	37.9835568	-109.9410205	4204518.927	592998.5934	23-JUL-13 8:33:19AM	1898.715088
2	38.01987751	-109.913939	4208576.365	595329.8644	2	
20	38.00390856	-109.9121244	4206806.357	595509.8657	20	
21	38.00268489	-109.9162429	4206666.362	595149.8618	21	
22	38.00126483	-109.8896122	4206536.364	597489.8611	22	
22-1	37.98321172	-109.9450835	4204476.586	592642.2085	21-JUL-13 3:21:03PM	1885.977783
22-2	37.98318079	-109.9449161	4204473.321	592656.9475	21-JUL-13 3:21:33PM	1886.218262
22-3	37.9831481	-109.9447906	4204469.819	592668.0155	21-JUL-13 3:22:10PM	1885.737549
22-4	37.98287854	-109.9449	4204439.8	592658.7409	21-JUL-13 3:22:56PM	1886.458496
22-5	37.98293461	-109.9450444	4204445.879	592645.9945	21-JUL-13 3:23:21PM	1885.977783
22-6	37.98297836	-109.9452007	4204450.578	592632.2111	21-JUL-13 3:23:50PM	1885.977783
23	38.0015038	-109.9250302	4206526.362	594379.866	23	
24	38.00086191	-109.9043108	4206476.359	596199.8618	24	
24-1	37.98253513	-109.9427603	4204403.829	592847.0878	21-JUL-13 4:28:54PM	1884.055176
24-2	37.98249054	-109.9425769	4204399.065	592863.2502	21-JUL-13 4:29:26PM	1885.737549
24-3	37.98246154	-109.9424229	4204396	592876.8092	21-JUL-13 4:29:52PM	1885.016602
24-4	37.98217529	-109.9425084	4204364.155	592869.6616	21-JUL-13 4:30:31PM	1884.295654
24-5	37.98221628	-109.942654	4204368.557	592856.8236	21-JUL-13 4:30:58PM	1884.055176
24-6	37.98223112	-109.9427942	4204370.063	592844.4896	21-JUL-13 4:31:22PM	1882.613281
25	38.0002077	-109.9411082	4206366.366	592969.8663	25	
26	37.99845513	-109.8690404	4206246.361	599299.8588	26	
27	37.99855714	-109.9084451	4206216.362	595839.8628	27	
28	37.99725744	-109.9043644	4206076.363	596199.8608	28	
29	37.99674304	-109.8690666	4206056.365	599299.864	29	
3	38.01851529	-109.91282	4208426.364	595429.8601	3	
30	37.99676324	-109.8997023	4206026.358	596609.8625	30	
31	37.99615807	-109.9024446	4205956.366	596369.8659	31	
32	37.99580427	-109.8745476	4205946.367	598819.8616	32	
33	37.99335843	-109.86388	4205686.365	599759.8636	33	
33-1	37.96627122	-109.9592401	4202582.941	591419.9726	23-JUL-13 10:37:27AM	1847.044922
33-2	37.96616913	-109.9592572	4202571.596	591418.5972	23-JUL-13 10:36:52AM	1848.246338
33-3	37.96607995	-109.9593116	4202561.647	591413.9294	23-JUL-13 10:35:54AM	1850.409424
33-4	37.96604491	-109.9596455	4202557.432	591384.6469	23-JUL-13 10:40:54AM	1847.765869
33-5	37.96616812	-109.9596192	4202571.129	591386.806	23-JUL-13 10:40:00AM	1847.044922
33-6	37.96630324	-109.9595902	4202586.15	591389.186	23-JUL-13 10:39:11AM	1845.843262
34	37.98826818	-109.8687412	4205116.365	599339.8647	34	
35	37.98794825	-109.8824111	4205066.364	598139.8646	35	
36	37.98763887	-109.8783164	4205036.362	598499.86	36	
37	37.98820892	-109.9599564	4205016.36	591329.8658	37	
38	37.98496152	-109.88109	4204736.36	598259.8593	38	
38-1	37.95922061	-109.9260716	4201833.714	594342.557	05-AUG-13 3:11:48PM	1871.79834
38-2	37.9590974	-109.926201	4201819.912	594331.3454	05-AUG-13 3:12:21PM	1868.193604
38-3	37.95902364	-109.9263034	4201811.624	594322.449	05-AUG-13 3:12:58PM	1865.550049
38-4	37.95920276	-109.9265889	4201831.209	594297.1325	05-AUG-13 3:13:42PM	1863.867676
38-5	37.95929664	-109.9264407	4201841.776	594310.0384	05-AUG-13 3:14:12PM	1864.588623
38-6	37.95937224	-109.9263236	4201850.283	594320.2285	05-AUG-13 3:14:40PM	1862.185303
38P	37.95918935	-109.9263302	4201829.983	594319.8807	05-AUG-13 2:57:50PM	1876.605225
39	37.98371279	-109.9408899	4204536.365	593009.865	39	
39-1	37.95858351	-109.9105427	4201778.867	595707.5941	22-JUL-13 9:38:12AM	1898.715088
39-2	37.95866615	-109.9105595	4201788.02	595706.0141	22-JUL-13 9:39:38AM	1899.916748
39-3	37.95879984	-109.9107121	4201802.697	595692.4316	22-JUL-13 9:40:17AM	1899.436035
39-4	37.95896128	-109.9104274	4201820.901	595717.2286	22-JUL-13 9:45:38AM	1900.878174
39-5	37.95887235	-109.9103036	4201811.161	595728.22	22-JUL-13 9:44:48AM	1899.436035
39-6	37.95876154	-109.9102236	4201798.948	595735.396	22-JUL-13 9:43:06AM	1898.474854
4	38.01714459	-109.9107896	4208276.361	595609.8632	4	
40	37.98288876	-109.8716705	4204516.358	599089.8617	40	
40-1	37.95800549	-109.9331416	4201691.751	593722.9996	05-AUG-13 2:27:25PM	1880.209961
40-2	37.95790105	-109.9330126	4201680.292	593734.465	05-AUG-13 2:26:40PM	1881.171387
40-3	37.95779737	-109.9329133	4201668.888	593743.3226	05-AUG-13 2:26:09PM	1880.690674
40-4	37.9575895	-109.9331561	4201645.579	593722.2617	05-AUG-13 2:29:18PM	1883.574707
40-5	37.95769142	-109.933265	4201656.779	593712.5595	05-AUG-13 2:28:39PM	1882.132568
40-6	37.95779653	-109.9334025	4201668.303	593700.3496	05-AUG-13 2:28:11PM	1881.171387
41	37.98279882	-109.8811228	4204496.359	598259.8656	41	
42	37.98302866	-109.9449989	4204456.359	592649.8659	42	
42-1	37.95508951	-109.925798	4201375.62	594371.8778	05-AUG-13 4:12:44PM	1881.6521
42-2	37.95516914	-109.9256725	4201384.583	594382.7996	05-AUG-13 4:13:12PM	1882.853516
42-3	37.95524349	-109.9255639	4201392.942	594392.248	05-AUG-13 4:13:54PM	1885.016602
42-4	37.95507845	-109.9253136	4201374.883	594414.4479	05-AUG-13 4:10:54PM	1883.574707
42-5	37.9549756	-109.9254513	4201363.332	594402.4806	05-AUG-13 4:11:18PM	1882.613281
42-6	37.95489262	-109.9255643	4201354.011	594392.6603	05-AUG-13 4:11:53PM	1881.6521
43	37.98180196	-109.8711178	4204396.359	599139.8634	43	
43-1	37.95179886	-109.9475671	4200988.671	592463.4919	22-JUL-13 5:12:39PM	1891.024658
43-2	37.95166047	-109.9475587	4200973.325	592464.4018	22-JUL-13 5:13:11PM	1890.543945
43-3	37.95150641	-109.9475189	4200956.27	592468.093	22-JUL-13 5:13:45PM	1890.784424
43-4	37.95147305	-109.9478741	4200952.216	592436.9251	22-JUL-13 5:14:34PM	1891.745605
43-5	37.95160901	-109.9478945	4200967.281	592434.9653	22-JUL-13 5:15:06PM	1891.505371
43-6	37.95172007	-109.9479202	4200979.578	592432.5653	22-JUL-13 5:15:45PM	1890.543945
44	37.98253882	-109.9608335	4204386.366	591259.8611	44	
44-1	37.95117441	-109.9500609	4200916.912	592245.1656	23-JUL-13 1:05:14PM	1879.248779
44-2	37.95106452	-109.9499852	4200904.794	592251.9604	23-JUL-13 1:05:45PM	1879.729492
44-3	37.95094181	-109.949841	4200891.322	592264.7805	23-JUL-13 1:06:23PM	1880.690674
44-4	37.9507906	-109.9500822	4200874.305	592243.7751	23-JUL-13 1:07:32PM	1881.6521
44-5	37.95089127	-109.9501923	4200885.366	592233.9799	23-JUL-13 1:08:34PM	1881.171387
44-6	37.95096285	-109.9503148	4200893.187	592223.1238	23-JUL-13 1:10:11PM	1880.690674
45	37.98237646	-109.9426171	4204386.367	592859.8607	45	
46	37.9814977	-109.8675927	4204366.359	599449.8591	46	
47	37.98144716	-109.8623557	4204366.359	599909.8609	47	
47-1	37.94905613	-109.8968828	4200735.87	596920.1443	22-JUL-13 11:51:46AM	1906.165283
47-2	37.94919846	-109.8969338	4200751.609	596915.4797	22-JUL-13 11:52:29AM	1905.68457
47-3	37.94931036	-109.8969884	4200763.968	596910.531	22-JUL-13 11:53:07AM	1908.088135
47-4	37.94940172	-109.8966419	4200774.466	596940.8557	22-JUL-13 11:53:54AM	1906.165283
47-5	37.949263	-109.8966153	4200759.101	596943.3725	22-JUL-13 11:54:28AM	1904.48291
47-6	37.94914641	-109.8965869	4200746.194	596946.0224	22-JUL-13 11:55:02AM	1904.963623
48	37.98130819	-109.8760216	4204336.359	598709.8622	48	
48-1	37.94717029	-109.8811686	4200543.089	598303.3418	22-JUL-13 3:43:40PM	1945.098633
48-2	37.94715528	-109.8809964	4200541.606	598318.4889	22-JUL-13 3:44:12PM	1945.098633
48-3	37.94717364	-109.8808214	4200543.828	598333.842	22-JUL-13 3:44:44PM	1945.579102
48-4	37.94689955	-109.8807367	4200513.505	598341.6457	22-JUL-13 3:45:40PM	1945.81958
48-5	37.94688958	-109.8809013	4200512.225	598327.202	22-JUL-13 3:46:18PM	1945.579102
48-6	37.94690567	-109.8810523	4200513.851	598313.9093	22-JUL-13 3:46:52PM	1944.377441
49	37.98188478	-109.9582238	4204316.358	591489.8619	49	
5	38.01627724	-109.9341559	4208156.361	593559.8628	5	
50	37.98160524	-109.9370488	4204306.364	593349.8614	50	
50-1	37.94451716	-109.8836512	4200246.092	598088.7339	22-JUL-13 2:00:39PM	1928.275391
50-2	37.94446293	-109.8834839	4200240.251	598103.5065	22-JUL-13 2:01:14PM	1928.996338
50-3	37.94442161	-109.8833312	4200235.827	598116.9806	22-JUL-13 2:01:49PM	1929.957764
50-4	37.94418214	-109.8834023	4200209.181	598111.0461	22-JUL-13 2:02:46PM	1929.717529
50-5	37.9442326	-109.8835665	4200214.607	598096.5583	22-JUL-13 2:03:24PM	1929.957764
50-6	37.94426311	-109.8837095	4200217.842	598083.9457	22-JUL-13 2:04:02PM	1929.957764
51	37.97946065	-109.8434854	4204166.362	601569.8637	51	
51-1	38.01979085	-109.913715	4208566.979	595349.6431	31-JUL-13 3:16:26PM	1971.774658
51-2	38.01978967	-109.9138558	4208566.704	595337.2841	31-JUL-13 3:16:58PM	1979.946045
51-3	38.01972195	-109.9140412	4208558.999	595321.0973	31-JUL-13 3:17:41PM	1980.907471
51-4	38.01998111	-109.9141726	4208587.621	595309.2251	31-JUL-13 3:19:00PM	1981.147705
51-5	38.02001615	-109.9139945	4208591.691	595324.8142	31-JUL-13 3:19:50PM	1979.946045
51-6	38.02002554	-109.9138524	4208592.879	595337.2802	31-JUL-13 3:20:58PM	1977.783203
52	37.97962694	-109.8983641	4204126.358	596749.8653	52	
52-1	38.01867102	-109.9131218	4208443.334	595403.1636	31-JUL-13 4:56:22PM	1975.139404
52-2	38.01860414	-109.9129657	4208436.073	595416.9574	31-JUL-13 4:55:46PM	1975.139404
52-3	38.01850355	-109.9127916	4208425.091	595432.3622	31-JUL-13 4:55:13PM	1975.620117
52-4	38.01827506	-109.9130156	4208399.509	595412.999	31-JUL-13 4:54:16PM	1975.860596
52-5	38.01835092	-109.9131459	4208407.792	595401.467	31-JUL-13 4:53:32PM	1975.379883
52-6	38.01843692	-109.9132811	4208417.195	595389.4804	31-JUL-13 4:52:28PM	1973.937988
52P	38.01849182	-109.9130848	4208423.488	595406.6407	31-JUL-13 4:37:39PM	1971.053711
53	37.97928781	-109.8627306	4204126.362	599879.8608	53	
54	37.97884366	-109.8822077	4204056.361	598169.8597	54	
54-1	38.01335095	-109.9314167	4207834.427	593804.0446	31-JUL-13 9:18:56AM	1921.786621
54-2	38.01315757	-109.9314241	4207812.964	593803.6362	31-JUL-13 9:19:43AM	1924.189941
54-3	38.01307635	-109.9314029	4207803.973	593805.6013	31-JUL-13 9:20:47AM	1928.756104
54-4	38.0130435	-109.931756	4207799.971	593774.6509	31-JUL-13 9:22:13AM	1925.631836
54-5	38.01318834	-109.9317331	4207816.065	593776.4751	31-JUL-13 9:22:52AM	1923.468994
54-6	38.01328439	-109.9317621	4207826.694	593773.8069	31-JUL-13 9:24:30AM	1921.546387
55	37.97832951	-109.9435861	4203936.366	592779.8613	55	
55-1	38.01301885	-109.933866	4207795.112	593589.4496	31-JUL-13 11:22:10AM	1908.328369
55-2	38.0129368	-109.9336945	4207786.18	593604.6086	31-JUL-13 11:22:52AM	1909.530029
55-3	38.01288676	-109.93357	4207780.753	593615.599	31-JUL-13 11:23:48AM	1910.491455
55-4	38.01264913	-109.9336888	4207754.267	593605.4748	31-JUL-13 11:18:47AM	1908.809082
55-5	38.01271551	-109.9338332	4207761.487	593592.7123	31-JUL-13 11:19:33AM	1909.049316
55-6	38.01274837	-109.9339918	4207764.973	593578.749	31-JUL-13 11:20:20AM	1907.847656
56	37.97700299	-109.8410191	4203896.361	601789.8635	56	
56-1	38.00946518	-109.9037619	4207431.521	596236.8034	01-AUG-13 5:00:07PM	1974.418457
56-2	38.0096065	-109.903632	4207447.336	596248.0243	01-AUG-13 5:00:40PM	1974.418457
56-3	38.00969945	-109.9035558	4207457.729	596254.5915	01-AUG-13 5:01:35PM	1975.620117
56-4	38.00955579	-109.9032566	4207442.097	596281.0417	01-AUG-13 5:02:26PM	1975.379883
56-5	38.0094314	-109.903354	4207428.195	596272.654	01-AUG-13 5:03:08PM	1975.620117
56-6	38.00933467	-109.9034389	4207417.374	596265.3337	01-AUG-13 5:03:55PM	1974.89917
57	37.97486904	-109.94967	4203546.36	592249.8617	57	
57-1	38.00578695	-109.8828265	4207045.258	598079.6232	02-AUG-13 11:27:30AM	1994.846191
57-2	38.00592408	-109.8827615	4207060.542	598085.1509	02-AUG-13 11:28:02AM	1995.567139
57-3	38.00607026	-109.8827233	4207076.802	598088.3045	02-AUG-13 11:28:34AM	1995.567139
57-4	38.00600496	-109.8823735	4207069.926	598119.1072	02-AUG-13 11:29:16AM	1997.489746
57-5	38.00587085	-109.8824325	4207054.983	598114.1053	02-AUG-13 11:29:40AM	1996.28833
57-6	38.00574739	-109.8824766	4207041.237	598110.3991	02-AUG-13 11:30:14AM	1995.807617
58	37.97466544	-109.937035	4203536.364	593359.8604	58	
58-1	38.00575409	-109.9158151	4207007.349	595183.4546	31-JUL-13 1:57:22PM	1946.059814
58-2	38.00563272	-109.915931	4206993.764	595173.4343	31-JUL-13 1:57:51PM	1946.300293
58-3	38.00551093	-109.9160419	4206980.137	595163.8559	31-JUL-13 1:58:18PM	1947.742188
58-4	38.00568259	-109.9163177	4206998.902	595139.4235	31-JUL-13 1:59:03PM	1947.501709
58-5	38.00577949	-109.916202	4207009.772	595149.4535	31-JUL-13 1:59:37PM	1947.501709
58-6	38.00588192	-109.916095	4207021.246	595158.7109	31-JUL-13 2:00:06PM	1947.261475
58P	38.00573414	-109.916042	4207004.904	595163.56	31-JUL-13 1:41:50PM	1945.81958
59	37.97356197	-109.8393654	4203516.364	601939.8633	59	
59-1	38.00494876	-109.882728	4206952.358	598089.3867	02-AUG-13 12:45:22PM	1991.000977
59-2	38.00502973	-109.8825961	4206961.482	598100.8617	02-AUG-13 12:45:51PM	1991.241455
59-3	38.00510868	-109.8824828	4206970.362	598110.7058	02-AUG-13 12:46:16PM	1991.962402
59-4	38.00488204	-109.8822337	4206945.477	598132.8713	02-AUG-13 12:46:54PM	1992.202637
59-5	38.00481909	-109.8823996	4206938.317	598118.3918	02-AUG-13 12:47:18PM	1992.202637
59-6	38.00476578	-109.8825106	4206932.285	598108.7196	02-AUG-13 12:47:48PM	1991.721924
6	38.01478249	-109.8990912	4208026.357	596639.8647	6	
60	37.97261682	-109.9297781	4203316.358	593999.8617	60	
60-1	38.00495789	-109.8903727	4206945.34	597418.2106	02-AUG-13 10:14:46AM	1982.5896
60-2	38.00491355	-109.8901863	4206940.615	597434.6282	02-AUG-13 10:15:20AM	1983.070313
60-3	38.00488103	-109.8900125	4206937.189	597449.9337	02-AUG-13 10:15:51AM	1983.79126
60-4	38.00460376	-109.8900944	4206906.338	597443.111	02-AUG-13 10:16:39AM	1983.551025
60-5	38.00466067	-109.8902466	4206912.493	597429.6718	02-AUG-13 10:17:07AM	1983.310547
60-6	38.00467785	-109.8904206	4206914.217	597414.3719	02-AUG-13 10:17:34AM	1982.829834
61	37.9724802	-109.9445807	4203286.358	592699.8662	61	
61-1	38.00128947	-109.8893667	4206539.356	597511.3911	02-AUG-13 8:49:35AM	2009.746582
61-2	38.00119216	-109.8894724	4206528.447	597502.24	02-AUG-13 8:48:45AM	2010.948242
61-3	38.00109417	-109.8896205	4206517.42	597489.3657	02-AUG-13 8:47:57AM	2011.669434
61-4	38.00127531	-109.8898956	4206537.23	597464.9653	02-AUG-13 8:46:20AM	2013.351563
61-5	38.00137572	-109.8897921	4206548.48	597473.9212	02-AUG-13 8:45:15AM	2011.669434
61-6	38.00148292	-109.8896396	4206560.535	597487.1732	02-AUG-13 8:44:36AM	2010.948242
62	37.97182683	-109.8741169	4203286.359	598889.8627	62	
63	37.97163354	-109.9207982	4203216.361	594789.8617	63	
63-1	38.00099568	-109.9040885	4206491.432	596219.2039	01-AUG-13 3:06:28PM	1996.047852
63-2	38.0008568	-109.9041086	4206476.001	596217.6192	01-AUG-13 3:07:26PM	1996.528564
63-3	38.00073191	-109.904104	4206462.148	596218.1872	01-AUG-13 3:08:07PM	1999.172119
63-4	38.00073559	-109.9044376	4206462.213	596188.8922	01-AUG-13 3:09:20PM	1999.652832
63-5	38.00085596	-109.9044305	4206475.575	596189.3531	01-AUG-13 3:10:00PM	1997.730225
63-6	38.00097255	-109.9044263	4206488.516	596189.5688	01-AUG-13 3:10:38PM	1996.28833
64	37.97135803	-109.920233	4203186.366	594839.8598	64	
64-1	37.99819345	-109.8687962	4206217.586	599321.6502	30-JUL-13 1:25:58PM	1991.241455
64-2	37.9983082	-109.8689319	4206230.174	599309.5803	30-JUL-13 1:26:28PM	1991.721924
64-3	37.9983724	-109.8690654	4206237.155	599297.7772	30-JUL-13 1:27:13PM	1993.164063
64-4	37.99858438	-109.8688136	4206260.945	599319.5922	30-JUL-13 1:28:01PM	1992.923584
64-5	37.9984895	-109.8687119	4206250.525	599328.6547	30-JUL-13 1:28:47PM	1992.443115
64-6	37.9983931	-109.8685885	4206239.961	599339.618	30-JUL-13 1:29:18PM	1991.721924
64P	37.99835874	-109.8687939	4206235.929	599321.626	30-JUL-13 1:13:26PM	1992.923584
65	37.96984887	-109.8559317	4203086.361	600489.8595	65	
65-1	37.99629754	-109.9023506	4205971.939	596377.9336	01-AUG-13 12:58:35PM	2007.58374
65-2	37.9961781	-109.902307	4205958.732	596381.9244	01-AUG-13 12:59:37PM	2008.7854
65-3	37.99602572	-109.9022309	4205941.902	596388.8066	01-AUG-13 1:00:47PM	2008.7854
65-4	37.99602136	-109.9025969	4205941.04	596356.672	01-AUG-13 1:02:22PM	2009.746582
65-5	37.99613259	-109.9026169	4205953.361	596354.7748	01-AUG-13 1:03:13PM	2008.545166
65-6	37.99627692	-109.9026612	4205969.33	596350.6927	01-AUG-13 1:04:00PM	2006.862793
66	37.96974041	-109.8633333	4203066.364	599839.8647	66	
66-1	37.99571316	-109.8747731	4205936.018	598800.1858	30-JUL-13 2:51:41PM	2008.545166
66-2	37.99585355	-109.8746282	4205951.75	598812.7226	30-JUL-13 2:52:40PM	2010.467773
66-3	37.99595573	-109.8745442	4205963.176	598819.9601	30-JUL-13 2:53:15PM	2010.948242
66-4	37.99583486	-109.8742252	4205950.104	598848.1339	30-JUL-13 2:55:24PM	2010.467773
66-5	37.99573118	-109.8743532	4205938.463	598837.0272	30-JUL-13 2:56:10PM	2010.227295
66-6	37.99561827	-109.8743993	4205925.887	598833.1381	30-JUL-13 2:57:12PM	2009.506348
67	37.9696529	-109.9408642	4202976.358	593029.8646	67	
67-1	37.99336614	-109.8641183	4205686.965	599738.9283	30-JUL-13 4:35:46PM	2003.97876
67-2	37.9934891	-109.864034	4205700.699	599746.1587	30-JUL-13 4:36:38PM	2005.661133
67-3	37.99359044	-109.8639443	4205712.039	599753.9041	30-JUL-13 4:37:13PM	2006.38208
67-4	37.99345801	-109.8636154	4205697.697	599782.9572	30-JUL-13 4:37:52PM	2006.38208
67-5	37.99335105	-109.8637092	4205685.729	599774.8661	30-JUL-13 4:38:17PM	2004.699951
67-6	37.99324871	-109.8637877	4205674.289	599768.1156	30-JUL-13 4:38:48PM	2003.97876
68	37.9688619	-109.8750729	4202956.365	598809.8635	68	
68-1	37.98845585	-109.8686813	4205137.253	599344.8745	02-AUG-13 2:08:49PM	1985.954102
68-2	37.98835326	-109.8685803	4205125.977	599353.8824	02-AUG-13 2:08:07PM	1986.434814
68-3	37.9882401	-109.8684531	4205113.557	599365.201	02-AUG-13 2:07:35PM	1985.713867
68-4	37.98809216	-109.8687832	4205096.79	599336.4145	02-AUG-13 2:06:56PM	1985.713867
68-5	37.9882132	-109.8688615	4205110.136	599329.3764	02-AUG-13 2:06:27PM	1985.473633
68-6	37.98832644	-109.8689338	4205122.624	599322.8789	02-AUG-13 2:05:38PM	1985.233154
69	37.96830794	-109.9022902	4202866.367	596419.8619	69	
69-1	37.98777038	-109.8823502	4205046.693	598145.4454	01-AUG-13 10:15:25AM	1986.434814
69-2	37.98780257	-109.8824899	4205050.117	598133.1397	01-AUG-13 10:10:34AM	1989.078369
69-3	37.98784968	-109.8826288	4205055.197	598120.8803	01-AUG-13 10:11:17AM	1988.5979
69-4	37.98812485	-109.8825551	4205085.808	598126.9838	01-AUG-13 10:12:18AM	1988.117188
69-5	37.98808672	-109.882419	4205081.72	598138.9882	01-AUG-13 10:13:07AM	1985.954102
69-6	37.9880547	-109.882239	4205078.357	598154.8342	01-AUG-13 10:13:57AM	1985.473633
7	38.01318959	-109.9315805	4207816.359	593789.8652	7	
70	37.96803461	-109.9513612	4202786.363	592109.861	70	
70-1	37.98780475	-109.8783973	4205054.682	598492.5278	01-AUG-13 8:22:46AM	1982.108887
70-2	37.98777063	-109.8782486	4205051.054	598505.6386	01-AUG-13 8:22:13AM	1983.551025
70-3	37.98772303	-109.87806	4205045.971	598522.2638	01-AUG-13 8:21:40AM	1984.031494
70-4	37.9874403	-109.8781509	4205014.505	598514.6555	01-AUG-13 8:20:29AM	1984.512207
70-5	37.9875108	-109.8783035	4205022.165	598501.1575	01-AUG-13 8:19:56AM	1984.512207
70-6	37.98756192	-109.8784504	4205027.683	598488.1932	01-AUG-13 8:18:23AM	1983.79126
71	37.96667883	-109.8919548	4202696.359	597329.8639	71	
72	37.96621397	-109.9594699	4202576.363	591399.8623	72	
73	37.96381851	-109.9535841	4202316.365	591919.8619	73	
73-1	37.98166534	-109.8675134	4204385.044	599456.5965	30-JUL-13 12:17:42PM	1984.752686
73-2	37.98155109	-109.8674472	4204372.439	599462.5661	30-JUL-13 12:18:35PM	1986.915527
73-3	37.98142579	-109.8673905	4204358.595	599467.7189	30-JUL-13 12:19:10PM	1988.357422
73-4	37.98130106	-109.8677036	4204344.422	599440.3854	30-JUL-13 12:20:00PM	1987.636475
73-5	37.98141548	-109.8677486	4204357.069	599436.2854	30-JUL-13 12:20:31PM	1987.155762
73-6	37.9815438	-109.8678192	4204371.232	599429.9067	30-JUL-13 12:21:04PM	1986.915527
74	37.96337142	-109.9142027	4202306.361	595379.8638	74	
75	37.96344082	-109.9516542	4202276.365	592089.8668	75	
76	37.96280975	-109.9119343	4202246.365	595579.8661	76	
76-1	37.98163894	-109.9372921	4204309.859	593328.4491	03-AUG-13 3:52:48PM	1898.234375
76-2	37.98171421	-109.937164	4204318.339	593339.609	03-AUG-13 3:53:43PM	1899.195801
76-3	37.98183893	-109.9370697	4204332.273	593347.725	03-AUG-13 3:54:38PM	1899.436035
76-4	37.98169744	-109.9367848	4204316.859	593372.9251	03-AUG-13 3:47:10PM	1895.59082
76-5	37.98157557	-109.9369016	4204303.22	593362.8253	03-AUG-13 3:49:26PM	1898.234375
76-6	37.98146585	-109.9370283	4204290.919	593351.8415	03-AUG-13 3:50:19PM	1897.753906
77	37.96239861	-109.9359596	4202176.362	593469.8667	77	
77-1	37.97944481	-109.8625519	4204143.973	599895.3501	30-JUL-13 10:29:11AM	2020.801758
77-2	37.9792889	-109.8625433	4204126.684	599896.3124	30-JUL-13 10:29:57AM	2021.522705
77-3	37.97915001	-109.8625153	4204111.303	599898.9594	30-JUL-13 10:30:30AM	2022.9646
77-4	37.97912948	-109.8628643	4204108.65	599868.3412	30-JUL-13 10:31:18AM	2023.445313
77-5	37.97924615	-109.8628707	4204121.589	599867.6163	30-JUL-13 10:31:55AM	2022.243652
77-6	37.9793868	-109.8628786	4204137.187	599866.7337	30-JUL-13 10:32:31AM	2021.522705
78	37.96216937	-109.9405164	4202146.362	593069.8656	78	
79	37.96130612	-109.9447407	4202046.366	592699.8618	79	
79-1	37.97491673	-109.9498888	4203551.435	592230.5875	04-AUG-13 9:40:28AM	1863.146729
79-2	37.97497029	-109.9497311	4203557.534	592244.3682	04-AUG-13 9:41:19AM	1864.348389
79-3	37.97508094	-109.9496092	4203569.931	592254.9339	04-AUG-13 9:42:00AM	1864.10791
79-4	37.97486267	-109.949401	4203545.919	592273.4941	04-AUG-13 9:38:57AM	1866.51123
79-5	37.97481271	-109.9495159	4203540.263	592263.4709	04-AUG-13 9:37:47AM	1865.30957
79-6	37.97469386	-109.9496756	4203526.917	592249.5878	04-AUG-13 9:36:54AM	1864.10791
8	38.01284988	-109.9338637	4207776.365	593589.8631	8	
80	37.95951909	-109.9364565	4201856.364	593429.8665	80	
80-1	37.97449764	-109.9371297	4203517.65	593351.7613	04-AUG-13 12:47:47PM	1871.79834
80-2	37.97459772	-109.9372229	4203528.661	593343.4482	04-AUG-13 12:47:17PM	1872.759766
80-3	37.97473954	-109.9373188	4203544.301	593334.8465	04-AUG-13 12:46:47PM	1873.720947
80-4	37.97488346	-109.9369907	4203560.598	593363.4787	04-AUG-13 12:46:06PM	1874.20166
80-5	37.97477759	-109.9369035	4203548.939	593371.2692	04-AUG-13 12:45:33PM	1873
80-6	37.97464063	-109.9368206	4203533.826	593378.7237	04-AUG-13 12:45:07PM	1873
81	37.95933595	-109.9262144	4201846.366	594329.8621	81	
82	37.95873991	-109.9104007	4201796.367	595719.865	82	
82-1	37.97275529	-109.9294547	4203332.049	594028.0882	03-AUG-13 2:14:18PM	1873.480713
82-2	37.97269637	-109.9295707	4203325.393	594017.9742	03-AUG-13 2:14:44PM	1874.922607
82-3	37.97261917	-109.9297347	4203316.662	594003.6723	03-AUG-13 2:15:12PM	1875.40332
82-4	37.97284196	-109.9299148	4203341.201	593987.567	03-AUG-13 2:16:02PM	1876.364746
82-5	37.97290684	-109.9297383	4203348.577	594002.9889	03-AUG-13 2:16:30PM	1876.364746
82-6	37.97297121	-109.9295916	4203355.868	594015.7904	03-AUG-13 2:16:56PM	1876.845459
82P	37.97278974	-109.9296285	4203335.696	594012.7826	03-AUG-13 2:01:08PM	1873.961426
83	37.95886019	-109.9534268	4201766.366	591939.8645	83	
83-1	37.97227124	-109.9445024	4203263.25	592707.0053	04-AUG-13 11:00:53AM	1873
83-2	37.97235447	-109.9446133	4203272.375	592697.1605	04-AUG-13 11:00:23AM	1874.441895
83-3	37.97245547	-109.9447409	4203283.455	592685.8209	04-AUG-13 10:59:48AM	1875.162842
83-4	37.97266728	-109.9444841	4203307.212	592708.1121	04-AUG-13 10:58:57AM	1874.682373
83-5	37.97257667	-109.9443838	4203297.258	592717.0385	04-AUG-13 10:58:27AM	1872.759766
83-6	37.9724595	-109.9442017	4203284.438	592733.1765	04-AUG-13 10:57:59AM	1872.038818
83P	37.97241088	-109.9444978	4203278.749	592707.2346	04-AUG-13 10:44:17AM	1873.240479
84	37.95790784	-109.8888994	4201726.359	597609.8619	84	
85	37.957777	-109.9331806	4201666.359	593719.8659	85	
86	37.95701928	-109.9095155	4201606.362	595799.8664	86	
86-1	37.971468	-109.9204101	4203198.388	594824.1618	03-AUG-13 12:42:02PM	1882.373047
86-2	37.97140078	-109.920281	4203191.061	594835.5936	03-AUG-13 12:41:24PM	1882.373047
86-3	37.97127991	-109.9201605	4203177.772	594846.3287	03-AUG-13 12:40:47PM	1883.574707
86-4	37.97105704	-109.9204551	4203152.743	594820.7444	03-AUG-13 12:40:04PM	1883.574707
86-5	37.97116986	-109.9205583	4203165.156	594811.5289	03-AUG-13 12:39:28PM	1882.373047
86-6	37.97127622	-109.9206737	4203176.841	594801.2616	03-AUG-13 12:38:56PM	1880.931152
86P	37.97130715	-109.9204323	4203180.518	594822.4178	03-AUG-13 12:27:05PM	1882.132568
87	37.9557469	-109.927974	4201446.359	594179.8644	87	
88	37.95500418	-109.9255945	4201366.359	594389.8666	88	
88-1	37.968621	-109.9023835	4202901.007	596411.2579	03-AUG-13 8:49:19AM	1921.786621
88-2	37.96853048	-109.9022936	4202891.056	596419.269	03-AUG-13 8:48:46AM	1924.189941
88-3	37.96844834	-109.9021545	4202882.085	596431.5983	03-AUG-13 8:48:03AM	1928.996338
88-4	37.96828891	-109.9024425	4202864.098	596406.509	03-AUG-13 8:46:31AM	1930.438477
88-5	37.96835781	-109.9025459	4202871.636	596397.3335	03-AUG-13 8:50:26AM	1923.468994
88-6	37.96845596	-109.9026371	4202882.432	596389.202	03-AUG-13 8:51:04AM	1920.104492
88P	37.96845974	-109.9024042	4202883.092	596409.6503	03-AUG-13 8:30:37AM	1925.872314
89	37.9535573	-109.9449654	4201186.366	592689.8597	89	
89-1	37.96814483	-109.9512618	4202798.691	592118.4553	04-AUG-13 2:37:16PM	1841.036377
89-2	37.96808532	-109.9511555	4202792.193	592127.8654	04-AUG-13 2:36:33PM	1841.997803
89-3	37.96799387	-109.9509998	4202782.201	592141.6593	04-AUG-13 2:35:51PM	1843.679932
89-4	37.96776789	-109.9512222	4202756.907	592122.4089	04-AUG-13 2:34:09PM	1844.401123
89-5	37.96785456	-109.9513471	4202766.4	592111.3302	04-AUG-13 2:33:12PM	1841.757324
89-6	37.96794157	-109.9515056	4202775.897	592097.2915	04-AUG-13 2:31:57PM	1838.633301
89P	37.96796537	-109.9512951	4202778.746	592115.7566	04-AUG-13 2:08:03PM	1841.276855
9	38.01064133	-109.9387939	4207526.363	593159.8618	9	
90	37.9515992	-109.9477251	4200966.361	592449.8606	90	
90-1	37.96633551	-109.8917333	4202658.497	597349.7771	02-AUG-13 3:49:37PM	1937.407959
90-2	37.96643735	-109.8918345	4202669.691	597340.7557	02-AUG-13 3:49:12PM	1938.128906
90-3	37.96652922	-109.8919894	4202679.722	597327.0207	02-AUG-13 3:48:31PM	1938.369141
90-4	37.96676718	-109.8917618	4202706.364	597346.7037	02-AUG-13 3:47:42PM	1938.849854
90-5	37.96667322	-109.8916214	4202696.085	597359.1604	02-AUG-13 3:47:13PM	1938.128906
90-6	37.96657004	-109.8915141	4202684.748	597368.721	02-AUG-13 3:46:45PM	1937.407959
90P	37.96653743	-109.8917266	4202680.908	597350.0994	02-AUG-13 3:50:15PM	1937.888428
91	37.95098975	-109.9501239	4200896.361	592239.866	91	
91-1	37.96260623	-109.9118764	4202223.844	595585.2105	03-AUG-13 10:56:28AM	1913.855957
91-2	37.96267446	-109.9120191	4202231.268	595572.59	03-AUG-13 10:57:24AM	1914.817139
91-3	37.96271939	-109.912163	4202236.105	595559.8892	03-AUG-13 10:58:18AM	1914.576904
91-4	37.96293623	-109.9120285	4202260.303	595571.426	03-AUG-13 10:52:42AM	1916.018799
91-5	37.96290924	-109.9118701	4202257.471	595585.3772	03-AUG-13 10:53:31AM	1914.817139
91-6	37.962868	-109.9117506	4202253.017	595595.9231	03-AUG-13 10:54:39AM	1914.33667
92	37.95060963	-109.9083583	4200896.364	595909.8645	92	
92-1	37.96278619	-109.9362276	4202219.097	593445.8355	05-AUG-13 12:46:00PM	1851.370605
92-2	37.96266608	-109.9361211	4202205.877	593455.3463	05-AUG-13 12:46:29PM	1851.130371
92-3	37.96257639	-109.9359912	4202196.056	593466.8728	05-AUG-13 12:46:57PM	1850.649658
92-4	37.96240649	-109.9362765	4202176.918	593442.024	05-AUG-13 12:47:44PM	1850.169189
92-5	37.96251915	-109.9363682	4202189.326	593433.8259	05-AUG-13 12:48:15PM	1849.447998
92-6	37.96260154	-109.9364678	4202198.368	593424.9667	05-AUG-13 12:48:54PM	1849.447998
92P	37.96259224	-109.9362715	4202197.533	593442.2304	05-AUG-13 12:45:13PM	1851.851318
93	37.95037536	-109.9025571	4200876.358	596419.8648	93	
93-1	37.96231278	-109.9403111	4202162.48	593087.717	05-AUG-13 10:50:50AM	1864.828857
93-2	37.96215587	-109.940345	4202145.036	593084.9403	05-AUG-13 10:51:52AM	1867.472412
93-3	37.96204389	-109.9403498	4202132.606	593084.6547	05-AUG-13 10:52:48AM	1866.751465
93-4	37.96204833	-109.9407129	4202132.736	593052.7518	05-AUG-13 10:54:45AM	1866.270996
93-5	37.96218814	-109.940695	4202148.267	593054.151	05-AUG-13 10:56:14AM	1863.867676
93-6	37.96231555	-109.9406895	4202162.409	593054.4762	05-AUG-13 10:57:56AM	1861.224121
94	37.94923978	-109.8967695	4200756.365	596929.8598	94	
94-1	37.96120335	-109.9445849	4202035.119	592713.6792	05-AUG-13 9:05:20AM	1904.48291
94-2	37.96117947	-109.944794	4202032.261	592695.3379	05-AUG-13 9:03:10AM	1904.723389
94-3	37.96120319	-109.9449455	4202034.742	592681.9953	05-AUG-13 9:04:04AM	1905.444336
94-4	37.9614994	-109.9449683	4202067.586	592679.6202	05-AUG-13 9:01:41AM	1906.165283
94-5	37.96150192	-109.9447985	4202068.034	592694.535	05-AUG-13 9:00:34AM	1904.48291
94-6	37.96148415	-109.9446197	4202066.24	592710.2705	05-AUG-13 8:59:56AM	1900.878174
95	37.94823035	-109.8948497	4200646.361	597099.8648	95	
95-1	37.95886396	-109.953659	4201766.556	591919.463	04-AUG-13 4:32:10PM	1867.472412
95-2	37.95899279	-109.9535176	4201780.99	591931.7245	04-AUG-13 4:32:37PM	1868.193604
95-3	37.95905281	-109.9534401	4201787.725	591938.4536	04-AUG-13 4:33:01PM	1869.875732
95-4	37.9588679	-109.953151	4201767.494	591964.0808	04-AUG-13 4:33:42PM	1870.837158
95-5	37.9587928	-109.9532725	4201759.041	591953.4974	04-AUG-13 4:34:10PM	1870.116211
95-6	37.95869448	-109.9533757	4201748.03	591944.5555	04-AUG-13 4:34:37PM	1867.232178
96	37.94701774	-109.8809828	4200526.359	598319.8653	96	
97	37.94702729	-109.9205892	4200486.359	594839.865	97	
98	37.94640276	-109.9114935	4200426.362	595639.8625	98	
99	37.94433821	-109.8835272	4200226.367	598099.8647	99	
B1 1	37.94569474	-109.9200296	4200339.074	594890.7457	B1 1	
B1 10	37.95088925	-109.9204716	4200914.987	594845.232	B1 10	
B1 2	37.95668677	-109.9300035	4201548.593	594000.3662	B1 2	
B1 3	37.96868647	-109.9186389	4202891.564	594983.3253	B1 3	
B1 4	37.94909176	-109.9227877	4200713.188	594644.0403	B1 4	
B1 5	37.94969777	-109.9172258	4200786.093	595131.937	B1 5	
B1 6	37.95631729	-109.9259221	4201511.724	594359.401	B1 6	
B1 7	37.94910776	-109.9337918	4200703.841	593677.1806	B1 7	
B1 8	37.95161437	-109.9336542	4200982.103	593686.0894	B1 8	
B1 9	37.94876654	-109.9151921	4200684.847	595311.8308	B1 9	
B1-10P	37.951032	-109.9207993	4200930.491	594816.2541	23-MAY-13 3:54:18PM	1886.939209
B1-1P	37.94569566	-109.920036	4200339.17	594890.1847	22-MAY-13 3:48:41PM	1895.831299
B1-2P	37.95677167	-109.9299263	4201558.092	594007.0473	24-JUN-13 1:04:13PM	1874.441895
B1-3P	37.96868655	-109.9186458	4202891.567	594982.7141	05-JUL-13 3:08:33PM	1877.085938
B1-4P	37.94908958	-109.9227854	4200712.948	594644.2493	06-JUL-13 5:04:03PM	1885.737549
B1-5P	37.94971436	-109.917225	4200787.936	595131.9892	18-JUL-13 2:14:00PM	1882.853516
B1-6P	37.95630832	-109.9259306	4201510.72	594358.6687	08-JUL-13 12:42:44PM	1879.969727
B1-7P	37.94912294	-109.9337744	4200705.542	593678.6931	08-JUL-13 4:09:58PM	1891.745605
B1-8P	37.95164002	-109.9336629	4200984.94	593685.291	25-JUN-13 2:40:22PM	1873.240479
B1-9P	37.94866327	-109.915291	4200673.288	595303.2667	18-JUL-13 3:37:44PM	1892.226318
B2 1	37.9522638	-109.9305259	4201057.311	593960.11	B2 1	
B2 10	37.9534604	-109.9463831	4201174.205	592565.4261	B2 10	
B2 2	37.95018501	-109.9139145	4200843.542	595422.246	B2 2	
B2 3	37.95177137	-109.9310621	4201002.132	593913.6284	B2 3	
B2 4	37.94840553	-109.918867	4200641.037	594989.4054	B2 4	
B2 5	37.97322485	-109.9285731	4203385.039	594104.9235	B2 5	
B2 6	37.95640513	-109.950081	4201497.271	592236.864	B2 6	
B2 7	37.95841168	-109.9269585	4201743.06	594265.6781	B2 7	
B2 8	37.97291153	-109.9233211	4203355.596	594566.626	B2 8	
B2 9	37.94785501	-109.9193926	4200579.418	594943.9381	B2 9	
B2-10P	37.95355017	-109.9460994	4201184.447	592590.2407	07-JUN-13 8:17:55AM	1880.450439
B2-1P	37.95226405	-109.930563	4201057.302	593956.8548	08-JUL-13 10:19:35AM	1880.931152
B2-2P	37.950184	-109.9139018	4200843.444	595423.3594	18-JUL-13 11:30:32AM	1881.411621
B2-4P	37.94839438	-109.9188675	4200639.8	594989.3756	24-MAY-13 11:20:21AM	1896.552246
B2-5P	37.97322594	-109.9285869	4203385.146	594103.7073	02-JUL-13 4:12:11PM	1876.124512
B2-6P	37.95640262	-109.9500612	4201497.012	592238.6049	06-JUN-13 4:55:32PM	1876.845459
B2-7P	37.95841101	-109.9269514	4201742.992	594266.2975	21-JUN-13 4:01:51PM	1865.790283
B2-8P	37.97283794	-109.9233295	4203347.422	594565.9768	14-MAY-13 3:40:44PM	1878.768066
B2-9P	37.94790052	-109.9194379	4200584.422	594939.8953	18-JUL-13 4:48:21PM	1894.38916
B3 1	37.97286007	-109.9269528	4203346.204	594247.7063	B3 1	
B3 10	37.94657081	-109.9162561	4200440.13	595221.1723	B3 10	
B3 2	37.9532807	-109.9224967	4201178.271	594664.2336	B3 2	
B3 3	37.95081331	-109.916488	4200910.624	595195.3264	B3 3	
B3 4	37.9567151	-109.92934	4201552.406	594058.6213	B3 4	
B3 5	37.94908086	-109.9164095	4200718.478	595204.4554	B3 5	
B3 6	37.9729687	-109.9296762	4203355.503	594008.3579	B3 6	
B3 7	37.97204459	-109.9299156	4203252.726	593988.5102	B3 7	
B3 8	37.95077853	-109.9221684	4200900.975	594696.291	B3 8	
B3 9	37.95163918	-109.9310338	4200987.494	593916.2858	B3 9	
B3-10P	37.94656788	-109.9162575	4200439.803	595221.0583	25-MAY-13 2:47:02PM	1895.59082
B3-1P	37.97279075	-109.9268705	4203338.596	594255.0245	03-JUL-13 2:44:39PM	1866.51123
B3-2P	37.95322965	-109.9226441	4201172.458	594651.353	18-JUL-13 8:29:20AM	1890.303711
B3-3P	37.95081642	-109.9164835	4200910.973	595195.7128	18-JUL-13 1:21:58PM	1877.806885
B3-4P	37.95672541	-109.9293485	4201553.541	594057.8645	24-JUN-13 1:44:52PM	1873.480713
B3-5P	37.94911698	-109.9164638	4200722.431	595199.644	24-MAY-13 3:53:08PM	1893.668213
B3-6P	37.97298965	-109.9296756	4203357.829	594008.3901	02-JUL-13 2:58:40PM	1867.953125
B3-7P	37.97203462	-109.9299323	4203251.603	593987.0578	03-JUL-13 11:02:38AM	1874.922607
B3-8P	37.9507849	-109.9221265	4200901.724	594699.965	23-MAY-13 11:59:25AM	1878.287354
B3-9P	37.95164337	-109.9310355	4200987.957	593916.1258	07-JUL-13 1:20:08PM	1874.922607
B4 1	37.97566893	-109.9284723	4203656.327	594110.6517	B4 1	
B4 10	37.97215574	-109.9199886	4203275.126	594860.3015	B4 10	
B4 2	37.95654503	-109.9315181	4201531.339	593867.4914	B4 2	
B4 3	37.97068077	-109.9295086	4203101.813	594026.0007	B4 3	
B4 4	37.97381409	-109.9224699	4203456.606	594640.2292	B4 4	
B4 5	37.95090535	-109.920356	4200916.89	594855.3667	B4 5	
B4 6	37.97508488	-109.9266185	4203593.399	594274.2205	B4 6	
B4 7	37.95113929	-109.9154842	4200947.819	595283.0931	B4 7	
B4 8	37.97120799	-109.9241883	4203165.697	594492.6342	B4 8	
B4 9	37.97233804	-109.9188951	4203296.469	594956.1138	B4 9	
B4-10P	37.97236076	-109.9201622	4203297.697	594844.7906	21-JUL-13 9:54:21AM	1889.582764
B4-1P	37.97565451	-109.92847	4203654.73	594110.8763	03-JUL-13 4:52:30PM	1888.140869
B4-2P	37.95653061	-109.9314951	4201529.762	593869.5274	24-JUN-13 12:12:18PM	1881.171387
B4-3P	37.97068781	-109.9295187	4203102.584	594025.1083	03-JUL-13 10:13:05AM	1877.566406
B4-4P	37.97382482	-109.9224593	4203457.808	594641.1431	03-JUL-13 5:21:21PM	1890.784424
B4-6P	37.97480383	-109.9264699	4203562.365	594287.6327	03-JUL-13 4:00:20PM	1880.690674
B4-7P	37.95116703	-109.91523	4200951.157	595305.3931	25-MAY-13 10:41:22AM	1877.566406
B4-8P	37.97145216	-109.9245831	4203192.389	594457.6523	05-JUL-13 8:27:49AM	1888.140869
B4-9P	37.97235045	-109.9188951	4203297.845	594956.0978	04-JUL-13 4:53:47PM	1891.505371
BLM CABIN	37.98107584	-109.8753468	4204311.295	598769.4321	BLM CABIN	1986.434814
Car	37.96042074	-109.9501542	4201942.753	592225.4059	05-AUG-13 8:29:14AM	1854.494873
CarR	37.94550673	-109.9218767	4200316.334	594728.6883	16-AUG-13 12:49:58AM	1891.986084
EX01	37.94656084	-109.7062758	4200674.446	613671.2457	EX01	2144.330078
EX02	37.96421288	-109.8858279	4202429.167	597871.3329	EX02	1935.004639
EX03	37.95008887	-109.9293119	4200817.215	594069.5463	EX03	1880.209961
IL1 1	37.95968682	-109.9473126	4201864.138	592475.9584	IL1 1	
IL1 10	37.95501508	-109.9258938	4201367.264	594363.5561	IL1 10	
IL1 2	37.95423984	-109.9382344	4201268.817	593280.3579	IL1 2	
IL1 3	37.98125102	-109.9399811	4204264.125	593092.7836	IL1 3	
IL1 4	37.97695186	-109.9341782	4203792.925	593607.8728	IL1 4	
IL1 5	37.98180917	-109.944768	4204321.279	592671.6796	IL1 5	
IL1 6	37.95535086	-109.9377342	4201392.592	593322.9002	IL1 6	
IL1 7	37.97289544	-109.9322942	4203344.735	593778.5106	IL1 7	
IL1 8	37.95914115	-109.9470932	4201803.812	592495.9202	IL1 8	
IL1 9	37.97048598	-109.9324963	4203077.186	593763.8183	IL1 9	
Il1-10P	37.9550274	-109.9258873	4201368.638	594364.1147	08-JUL-13 1:55:23PM	1878.287354
Il1-1P	37.95973132	-109.9475158	4201868.875	592458.0536	04-JUN-13 4:18:50PM	1871.077393
Il1-3P	37.98141028	-109.9400779	4204281.699	593084.0801	08-JUN-13 4:55:38PM	1885.016602
Il1-4P	37.97704339	-109.934215	4203803.043	593604.5248	09-JUN-13 4:04:07PM	1878.527832
Il1-5P	37.98181957	-109.9450736	4204322.128	592644.8276	07-JUN-13 3:13:06PM	1875.643555
Il1-8P	37.95914954	-109.9470815	4201804.754	592496.9333	04-JUN-13 2:30:09PM	1877.085938
Il1-9P	37.9703517	-109.9325325	4203062.251	593760.8086	02-JUL-13 11:03:09AM	1863.867676
IL2 1	37.96025192	-109.932076	4201942.079	593813.7623	IL2 1	
IL2 10	37.96001874	-109.9310015	4201917.289	593908.4503	IL2 10	
IL2 2	37.95572209	-109.9445524	4201426.973	592723.428	IL2 2	
IL2 3	37.95318372	-109.9167831	4201173.333	595166.3382	IL2 3	
IL2 4	37.98160516	-109.9441415	4204299.266	592726.9614	IL2 4	
IL2 5	37.95584581	-109.930114	4201455.172	593991.7325	IL2 5	
IL2 6	37.95510368	-109.9341297	4201368.783	593639.882	IL2 6	
IL2 7	37.9738358	-109.9371204	4203444.224	593353.4168	IL2 7	
IL2 8	37.95628351	-109.9402808	4201493.527	593097.9942	IL2 8	
IL2 9	37.97801678	-109.9323916	4203912.882	593763.4325	IL2 9	
Il2-10P	37.96001924	-109.9309682	4201917.378	593911.373	23-JUN-13 2:43:25PM	1873
Il2-1P	37.96023524	-109.9319236	4201940.382	593827.1702	23-JUN-13 3:47:46PM	1861.945068
Il2-2P	37.95583734	-109.9448631	4201439.452	592695.9855	05-JUN-13 1:34:06PM	1879.248779
Il2-3P	37.9531957	-109.9167747	4201174.671	595167.0592	18-JUL-13 10:03:15AM	1887.660156
IL2-4P	37.98176391	-109.9443617	4204316.662	592707.4164	07-JUN-13 5:08:44PM	1876.605225
IL2-5P	37.95583927	-109.9301061	4201454.455	593992.4404	24-JUN-13 2:49:32PM	1870.116211
Il2-7P	37.97387109	-109.9370997	4203448.16	593355.1832	09-JUN-13 8:11:44AM	1875.40332
Il2-8P	37.95643816	-109.9402539	4201510.713	593100.1627	05-JUN-13 4:42:28PM	1891.265137
Il2-9P	37.97811359	-109.9322413	4203923.775	593776.516	09-JUN-13 4:50:44PM	1868.674072
IL3 1	37.95414043	-109.921757	4201274.416	594728.1173	IL3 1	
IL3 10	37.97913401	-109.9438543	4204025.362	592755.2916	IL3 10	
IL3 2	37.95958607	-109.9457285	4201854.534	592615.2462	IL3 2	
IL3 3	37.98213774	-109.9456614	4204356.847	592592.8036	IL3 3	
IL3 4	37.94620897	-109.9217698	4200394.36	594737.1767	IL3 4	
IL3 5	37.97397427	-109.9321738	4203464.56	593787.7097	IL3 5	
IL3 6	37.9563022	-109.9421194	4201493.765	592936.4391	IL3 6	
IL3 7	37.95719471	-109.9471699	4201587.766	592491.6239	IL3 7	
IL3 8	37.97056912	-109.9329635	4203085.942	593722.6749	IL3 8	
IL3 9	37.98060947	-109.9446507	4204188.282	592683.4943	IL3 9	
Il3-10P	37.97926753	-109.9438768	4204040.155	592753.1507	08-JUN-13 1:21:48PM	1885.497314
Il3-1P	37.95414923	-109.9217653	4201275.384	594727.377	17-JUL-13 4:30:46PM	1887.660156
Il3-2P	37.95977667	-109.9457234	4201875.687	592615.4559	04-JUN-13 12:27:35PM	1884.776367
Il3-3P	37.98205535	-109.9456935	4204347.673	592590.0951	07-JUN-13 1:42:02PM	1875.884033
IL3-4P	37.94623009	-109.9217592	4200396.714	594738.0849	22-MAY-13 9:10:29AM	1905.924805
Il3-6P	37.9563095	-109.9421314	4201494.562	592935.3769	05-JUN-13 2:37:21PM	1889.342529
IL3-7P	37.95726713	-109.9469453	4201596.025	592511.2604	05-JUN-13 12:34:35PM	1884.776367
Il3-9P	37.98065356	-109.944813	4204193.012	592669.18	08-JUN-13 3:21:19PM	1877.806885
IL4 1	37.95734349	-109.9415606	4201609.859	592984.2204	IL4 1	
IL4 10	37.97941916	-109.9388496	4204062	593194.4702	IL4 10	
IL4 2	37.96816369	-109.9247727	4202827.32	594445.2122	IL4 2	
IL4 3	37.95491374	-109.9228403	4201359.118	594631.9529	IL4 3	
IL4 4	37.95700444	-109.9409975	4201572.802	593034.1171	IL4 4	
IL4 5	37.95923109	-109.9301612	4201830.742	593983.2723	IL4 5	
IL4 6	37.97761646	-109.9486163	4203852.248	592338.9657	IL4 6	
IL4 7	37.97262613	-109.9313003	4203315.855	593866.1462	IL4 7	
IL4 8	37.96950705	-109.9237234	4202977.439	594535.6542	IL4 8	
IL4 9	37.95728305	-109.9318555	4201612.887	593836.9058	IL4 9	
Il4-10P	37.97925353	-109.9387363	4204043.736	593204.6323	09-JUN-13 10:49:27AM	1895.831299
Il4-2P	37.96824114	-109.9247647	4202835.921	594445.8124	05-JUL-13 1:29:40PM	1867.953125
Il4-3P	37.95492447	-109.922852	4201360.297	594630.9082	17-JUL-13 3:27:26PM	1882.853516
Il4-4P	37.95706672	-109.941061	4201579.649	593028.4569	05-JUN-13 3:53:55PM	1893.668213
Il4-5P	37.95924844	-109.9301552	4201832.673	593983.7803	23-JUN-13 1:32:29PM	1870.837158
Il4-7P	37.97278027	-109.9312851	4203332.973	593867.2824	02-JUL-13 1:14:31PM	1869.154785
Il4-8P	37.96950722	-109.9237093	4202977.472	594536.8908	05-JUL-13 10:03:12AM	1885.497314
Il4-9P	37.95729588	-109.9318476	4201614.318	593837.5891	24-JUN-13 11:35:06AM	1888.381104
M1 1	37.94825231	-109.9263704	4200616.412	594330.3333	M1 1	
M1 10	37.95084039	-109.9331767	4200896.705	593729.0269	M1 10	
M1 2	37.94749894	-109.9268871	4200532.299	594285.9009	M1 2	
M1 3	37.94843151	-109.9292267	4200633.408	594079.1423	M1 3	
M1 4	37.94896611	-109.9296958	4200692.251	594037.2487	M1 4	
M1 5	37.95942773	-109.927362	4201855.389	594228.9317	M1 5	
M1 6	37.95011887	-109.9264233	4200823.465	594323.2995	M1 6	
M1 7	37.94750565	-109.9293	4200530.603	594073.8863	M1 7	
M1 8	37.95577155	-109.9190347	4201458.17	594965.1847	M1 8	
M1 9	37.95311742	-109.9304629	4201152.088	593964.5604	M1 9	
M1-10P	37.95085372	-109.9331961	4200898.164	593727.3015	06-JUL-13 2:16:32PM	1878.768066
M1-1P	37.94830117	-109.9263933	4200621.811	594328.2603	28-MAY-13 10:14:32AM	1890.784424
M1-2P	37.94755275	-109.9269675	4200538.188	594278.7621	27-MAY-13 4:36:51PM	1894.869873
M1-4P	37.94896795	-109.9296886	4200692.463	594037.8724	26-MAY-13 10:02:07AM	1888.381104
M1-5P	37.95943905	-109.9273559	4201856.65	594229.4547	22-JUN-13 2:57:21PM	1863.867676
M1-6P	37.95013195	-109.9264233	4200824.916	594323.2828	28-MAY-13 1:30:30PM	1894.629639
M1-7P	37.94750079	-109.9293084	4200530.056	594073.1561	08-JUL-13 5:06:52PM	1894.869873
M1-8P	37.95584883	-109.91891	4201466.872	594976.0425	19-JUN-13 10:53:52AM	1875.162842
M2 1	37.95657068	-109.9212631	4201544.569	594768.3831	M2 1	
M2 10	37.95232189	-109.927505	4201066.808	594225.4478	M2 10	
M2 2	37.95158286	-109.92876	4200983.539	594116.1272	M2 2	
M2 3	37.95943058	-109.9288413	4201854.209	594098.9704	M2 3	
M2 4	37.94903627	-109.9295132	4200700.219	594053.1991	M2 4	
M2 5	37.94966701	-109.9262431	4200773.51	594339.7109	M2 5	
M2 6	37.95896857	-109.9248254	4201807.011	594452.36	M2 6	
M2 7	37.95553794	-109.9177758	4201433.535	595076.0905	M2 7	
M2 8	37.94854668	-109.9291965	4200646.217	594081.6539	M2 8	
M2 9	37.94840201	-109.9282253	4200631.146	594167.1643	M2 9	
M2-10P	37.95237537	-109.9274837	4201072.763	594227.25	17-JUL-13 12:59:16PM	1883.814941
M2-1P	37.95659406	-109.9212695	4201547.157	594767.7934	19-JUN-13 4:07:06PM	1872.759766
M2-3P	37.95942748	-109.9288212	4201853.885	594100.7415	23-JUN-13 12:27:58PM	1864.10791
M2-5P	37.94963834	-109.9262644	4200770.308	594337.877	26-MAY-13 3:38:35PM	1892.707031
M2-6P	37.95896857	-109.9248354	4201807.001	594451.4764	21-JUN-13 1:04:22PM	1859.541748
M2-7P	37.95552076	-109.9177943	4201431.609	595074.4852	19-JUN-13 8:49:01AM	1873.240479
M2-8P	37.94855163	-109.9292061	4200646.756	594080.8007	06-JUL-13 3:34:39PM	1885.737549
M2-9P	37.94838424	-109.9282748	4200629.124	594162.8418	26-MAY-13 1:45:43PM	1894.869873
M3 1	37.95327013	-109.9296788	4201169.825	594033.2494	M3 1	
M3 2	37.95790298	-109.9253628	4201688.233	594406.5094	M3 2	
M3 3	37.95812233	-109.921671	4201716.32	594730.5579	M3 3	
M3 4	37.95763157	-109.9209389	4201662.612	594795.5023	M3 4	
M3 5	37.95774113	-109.9221275	4201673.558	594690.9452	M3 5	
M3 6	37.95698265	-109.9199719	4201591.594	594881.2915	M3 6	
M3 7	37.94853193	-109.9297149	4200644.056	594036.1231	M3 7	
M3 8	37.95912037	-109.9279123	4201820.728	594180.9831	M3 8	
M3-1P	37.95327491	-109.9297001	4201170.333	594031.3728	07-JUL-13 4:28:02PM	1875.40332
M3-2P	37.95791245	-109.9253478	4201689.299	594407.8154	21-JUN-13 11:22:33AM	1881.892334
M3-3P	37.95821177	-109.9216125	4201726.303	594735.5827	19-JUN-13 2:48:37PM	1871.79834
M3-5P	37.95772252	-109.9221397	4201671.481	594689.8941	19-JUN-13 2:52:05PM	1874.922607
M3-7P	37.94856981	-109.9296931	4200648.282	594037.9896	26-MAY-13 11:45:07AM	1891.024658
M3-8P	37.9589368	-109.927981	4201800.291	594175.1795	22-JUN-13 1:31:04PM	1867.712891
M4 1	37.9563701	-109.9195468	4201524.061	594919.4286	M4 1	
M4 10	37.95783961	-109.9204023	4201686.241	594842.3767	M4 10	
M4 2	37.95867244	-109.9256385	4201773.329	594381.3057	M4 2	
M4 3	37.95756854	-109.9231066	4201653.414	594605.1521	M4 3	
M4 4	37.95297266	-109.930843	4201135.644	593931.3486	M4 4	
M4 5	37.9490268	-109.9303023	4200698.372	593983.8819	M4 5	
M4 6	37.95990114	-109.9274688	4201907.808	594218.9457	M4 6	
M4 7	37.95788085	-109.9243221	4201686.833	594497.9643	M4 7	
M4 8	37.95233119	-109.9136214	4201081.975	595445.2221	M4 8	
M4 9	37.97700525	-109.9386428	4203794.369	593215.6917	M4 9	
M4-2P	37.95881325	-109.9256025	4201788.99	594384.2918	21-JUN-13 2:28:58PM	1866.270996
M4-3P	37.95754457	-109.9231026	4201650.758	594605.5363	20-JUN-13 3:01:36PM	1867.953125
M4-4P	37.95296805	-109.9308422	4201135.133	593931.4208	07-JUL-13 3:31:29PM	1879.729492
M4-5P	37.94902956	-109.9301663	4200698.816	593995.8235	26-MAY-13 8:16:22AM	1879.008301
M4-6P	37.95990927	-109.9274854	4201908.694	594217.4773	22-JUN-13 4:00:15PM	1858.820801
M4-7P	37.95788974	-109.9243976	4201687.742	594491.3183	20-JUN-13 4:32:09PM	1873
M4-9P	37.97703995	-109.9386222	4203798.24	593217.4588	09-JUN-13 9:30:56AM	1882.613281
NEAR D501	37.94703182	-109.8031788	4200612.891	605156.0841	NEAR D501	2176.053467
Pot06-24	37.95657495	-109.9313968	4201534.781	593878.1086	24-JUN-13 1:00:00PM	1878.527832
Ruins06-21	37.95798135	-109.9245892	4201697.713	594474.3751	21-JUN-13 11:18:44AM	1879.248779
W1	38.026563	-109.9059788	4209326.359	596019.8657	W1	
