Code    Description        Theta_r    Theta_s    Alpha      N          Ks         Ko         L          Theta_r_u  Theta_s_u  Alpha_u    N_u        Ks_u       Ko_u       L_u        
                           cm3/cm3    cm3/cm3    log(1/cm)  Log10      L(cm/day)  L(cm/day)  No units   cm3/cm3    cm3/cm3    log(1/cm)  Log10      L(cm/day)  L(cm/day)  No units   
1       B11A1              0.03581    0.42327   -2.18709    0.20835    1.83931    0.51775    0.54780    0.00758    0.01363    0.07276    0.01424    0.26969    0.25069    1.25099
2       B11A2              0.03581    0.42327   -2.18709    0.20835    1.83931    0.51775    0.54780    0.00758    0.01363    0.07276    0.01424    0.26969    0.25069    1.25099
3       B11BA              0.04463    0.38235   -1.41805    0.30157    2.20986    1.48887   -0.84449    0.00367    0.00521    0.04023    0.01103    0.06876    0.24312    0.57812
4       B11B               0.04463    0.38235   -1.41805    0.30157    2.20986    1.48887   -0.84449    0.00367    0.00521    0.04023    0.01103    0.06876    0.24312    0.57812
5       B11B2              0.03586    0.39484   -1.74165    0.15809    1.60841    1.00132   -0.51438    0.00586    0.00852    0.06072    0.00924    0.14736    0.19119    0.69212
6       B11B3              0.03543    0.39162   -1.60648    0.15047    1.66954    1.16249   -0.81371    0.00598    0.00848    0.05125    0.00955    0.13087    0.19948    0.75437
7       B11Ab              0.04875    0.37868   -1.45818    0.28826    2.17369    1.38878   -0.86053    0.00358    0.00512    0.03398    0.01052    0.06571    0.24328    0.58395
8       B12A               0.03177    0.39692   -1.59775    0.15169    1.74937    1.20772   -0.76110    0.00681    0.01020    0.05731    0.01061    0.16862    0.19446    0.75034
9       B12B               0.03196    0.39385   -1.48568    0.15145    1.77465    1.34179   -0.96978    0.00678    0.01009    0.05574    0.01116    0.14183    0.20534    0.82054
10      B12B               0.03310    0.39163   -1.40917    0.16124    1.79979    1.44489   -1.04033    0.00678    0.00910    0.06255    0.01213    0.10055    0.21690    0.83743
11      B12R              -9.90000   -9.90000   -9.90000   -9.90000   -9.90000   -9.90000   -9.90000   -9.90000   -9.90000   -9.90000   -9.90000   -9.90000   -9.90000   -9.90000
12      B13A               0.03177    0.39692   -1.59775    0.15169    1.74937    1.20772   -0.76110    0.00681    0.01020    0.05731    0.01061    0.16862    0.19446    0.75034
13      B13B               0.03196    0.39385   -1.48568    0.15145    1.77465    1.34179   -0.96978    0.00678    0.01009    0.05574    0.01116    0.14183    0.20534    0.82054
14      B13BC              0.04481    0.38217   -1.43898    0.17306    1.75189    1.33796   -1.08158    0.00533    0.00644    0.04220    0.01109    0.06477    0.23379    0.78153
15      B13C               0.03533    0.39060   -1.34350    0.23767    2.03494    1.62919   -0.88237    0.00604    0.00872    0.07035    0.01631    0.10637    0.24423    0.69549
16      B14A               0.03586    0.39484   -1.74165    0.15809    1.60841    1.00132   -0.51438    0.00586    0.00852    0.06072    0.00924    0.14736    0.19119    0.69212
17      B14B               0.03586    0.39484   -1.74165    0.15809    1.60841    1.00132   -0.51438    0.00586    0.00852    0.06072    0.00924    0.14736    0.19119    0.69212
18      B14B2              0.03171    0.39395   -1.34345    0.18960    1.91978    1.59140   -0.96529    0.00693    0.01088    0.07731    0.01600    0.11748    0.22979    0.80382
19      B14B3              0.04151    0.38631   -1.51581    0.14731    1.60222    1.22501   -1.07964    0.00546    0.00588    0.03967    0.00793    0.09515    0.21726    0.83171
20      B14B4              0.03538    0.38939   -1.37277    0.18511    1.86188    1.51548   -0.99505    0.00653    0.00812    0.06547    0.01366    0.08123    0.22869    0.78103
21      B15A               0.03219    0.40127   -1.73940    0.15957    1.69067    1.04062   -0.44122    0.00665    0.00958    0.06269    0.00962    0.20488    0.18709    0.69003
22      B15B               0.03196    0.39385   -1.48568    0.15145    1.77465    1.34179   -0.96978    0.00678    0.01009    0.05574    0.01116    0.14183    0.20534    0.82054
23      B15B2              0.03177    0.39692   -1.59775    0.15169    1.74937    1.20772   -0.76110    0.00681    0.01020    0.05731    0.01061    0.16862    0.19446    0.75034
24      B15B3              0.03310    0.39163   -1.40917    0.16124    1.79979    1.44489   -1.04033    0.00678    0.00910    0.06255    0.01213    0.10055    0.21690    0.83743
25      B15B4              0.03219    0.40127   -1.73940    0.15957    1.69067    1.04062   -0.44122    0.00665    0.00958    0.06269    0.00962    0.20488    0.18709    0.69003
26      B15R              -9.90000   -9.90000   -9.90000   -9.90000   -9.90000   -9.90000   -9.90000   -9.90000   -9.90000   -9.90000   -9.90000   -9.90000   -9.90000   -9.90000
27      B16A               0.03196    0.39385   -1.48568    0.15145    1.77465    1.34179   -0.96978    0.00678    0.01009    0.05574    0.01116    0.14183    0.20534    0.82054
28      B16B               0.03310    0.39163   -1.40917    0.16124    1.79979    1.44489   -1.04033    0.00678    0.00910    0.06255    0.01213    0.10055    0.21690    0.83743
29      B16B2              0.03914    0.38603   -1.40008    0.18050    1.81373    1.44336   -1.02722    0.00606    0.00705    0.05436    0.01221    0.06760    0.22955    0.77168
30      B16Cr              0.03196    0.39385   -1.48568    0.15145    1.77465    1.34179   -0.96978    0.00678    0.01009    0.05574    0.01116    0.14183    0.20534    0.82054
31      B16R              -9.90000   -9.90000   -9.90000   -9.90000   -9.90000   -9.90000   -9.90000   -9.90000   -9.90000   -9.90000   -9.90000   -9.90000   -9.90000   -9.90000
32      B17A               0.03177    0.39692   -1.59775    0.15169    1.74937    1.20772   -0.76110    0.00681    0.01020    0.05731    0.01061    0.16862    0.19446    0.75034
33      B17AB              0.03177    0.39692   -1.59775    0.15169    1.74937    1.20772   -0.76110    0.00681    0.01020    0.05731    0.01061    0.16862    0.19446    0.75034
34      B17B               0.03177    0.39692   -1.59775    0.15169    1.74937    1.20772   -0.76110    0.00681    0.01020    0.05731    0.01061    0.16862    0.19446    0.75034
35      B17C               0.03196    0.39385   -1.48568    0.15145    1.77465    1.34179   -0.96978    0.00678    0.01009    0.05574    0.01116    0.14183    0.20534    0.82054
36      B18A               0.04299    0.38305   -1.41139    0.22141    1.95699    1.45512   -0.93178    0.00500    0.00626    0.04468    0.01264    0.06015    0.23805    0.66419
37      B18B               0.03310    0.39163   -1.40917    0.16124    1.79979    1.44489   -1.04033    0.00678    0.00910    0.06255    0.01213    0.10055    0.21690    0.83743
38      B18BC              0.03913    0.38643   -1.37775    0.22962    1.99285    1.54204   -0.90539    0.00548    0.00685    0.05643    0.01367    0.07938    0.24006    0.67399
39      B18C               0.03913    0.38643   -1.37775    0.22962    1.99285    1.54204   -0.90539    0.00548    0.00685    0.05643    0.01367    0.07938    0.24006    0.67399
40      B18Ab              0.04126    0.38778   -1.61026    0.14824    1.55780    1.11064   -0.90229    0.00496    0.00617    0.04544    0.00841    0.10876    0.20735    0.77484
41      B19A               0.03280    0.40699   -1.90301    0.17346    1.68867    0.84450   -0.05691    0.00610    0.00964    0.05935    0.00851    0.25853    0.19595    0.76192
42      B19B               0.03177    0.39692   -1.59775    0.15169    1.74937    1.20772   -0.76110    0.00681    0.01020    0.05731    0.01061    0.16862    0.19446    0.75034
43      B19B2              0.03219    0.40127   -1.73940    0.15957    1.69067    1.04062   -0.44122    0.00665    0.00958    0.06269    0.00962    0.20488    0.18709    0.69003
44      B19B3              0.03586    0.39484   -1.74165    0.15809    1.60841    1.00132   -0.51438    0.00586    0.00852    0.06072    0.00924    0.14736    0.19119    0.69212
45      B19B4              0.03543    0.39162   -1.60648    0.15047    1.66954    1.16249   -0.81371    0.00598    0.00848    0.05125    0.00955    0.13087    0.19948    0.75437
46      B19B5              0.03772    0.40593   -2.05778    0.18864    1.59342    0.62311    0.18712    0.00522    0.00778    0.05662    0.00811    0.27033    0.21761    0.94511
47      B19B6              0.04160    0.38978   -1.73437    0.15540    1.49878    0.96104   -0.63106    0.00478    0.00762    0.05892    0.00930    0.11033    0.19854    0.71140
48      B19R              -9.90000   -9.90000   -9.90000   -9.90000   -9.90000   -9.90000   -9.90000   -9.90000   -9.90000   -9.90000   -9.90000   -9.90000   -9.90000   -9.90000
49      B110A              0.03280    0.40699   -1.90301    0.17346    1.68867    0.84450   -0.05691    0.00610    0.00964    0.05935    0.00851    0.25853    0.19595    0.76192
50      B110B              0.04353    0.43444   -2.34076    0.23165    1.75323    0.32699    0.72322    0.00840    0.01319    0.07009    0.01697    0.20161    0.29111    1.59351
51      B110B2             0.05389    0.37640   -1.50431    0.15863    1.58950    1.16055   -1.18780    0.00496    0.00503    0.04398    0.00928    0.06694    0.24626    0.85067
52      B110Cr             0.03310    0.39163   -1.40917    0.16124    1.79979    1.44489   -1.04033    0.00678    0.00910    0.06255    0.01213    0.10055    0.21690    0.83743
53      B21A               0.03219    0.40127   -1.73940    0.15957    1.69067    1.04062   -0.44122    0.00665    0.00958    0.06269    0.00962    0.20488    0.18709    0.69003
54      B21B               0.03196    0.39385   -1.48568    0.15145    1.77465    1.34179   -0.96978    0.00678    0.01009    0.05574    0.01116    0.14183    0.20534    0.82054
55      B21B2              0.03177    0.39692   -1.59775    0.15169    1.74937    1.20772   -0.76110    0.00681    0.01020    0.05731    0.01061    0.16862    0.19446    0.75034
56      B21C               0.03171    0.39395   -1.34345    0.18960    1.91978    1.59140   -0.96529    0.00693    0.01088    0.07731    0.01600    0.11748    0.22979    0.80382
57      B22A               0.03280    0.40699   -1.90301    0.17346    1.68867    0.84450   -0.05691    0.00610    0.00964    0.05935    0.00851    0.25853    0.19595    0.76192
58      B22B               0.03280    0.40699   -1.90301    0.17346    1.68867    0.84450   -0.05691    0.00610    0.00964    0.05935    0.00851    0.25853    0.19595    0.76192
59      B22B2              0.03280    0.40699   -1.90301    0.17346    1.68867    0.84450   -0.05691    0.00610    0.00964    0.05935    0.00851    0.25853    0.19595    0.76192
60      B22C               0.03533    0.39060   -1.34350    0.23767    2.03494    1.62919   -0.88237    0.00604    0.00872    0.07035    0.01631    0.10637    0.24423    0.69549
61      B22Ab              0.03543    0.39162   -1.60648    0.15047    1.66954    1.16249   -0.81371    0.00598    0.00848    0.05125    0.00955    0.13087    0.19948    0.75437
62      B22Bb              0.03538    0.38939   -1.37277    0.18511    1.86188    1.51548   -0.99505    0.00653    0.00812    0.06547    0.01366    0.08123    0.22869    0.78103
63      B22Cb              0.03219    0.40127   -1.73940    0.15957    1.69067    1.04062   -0.44122    0.00665    0.00958    0.06269    0.00962    0.20488    0.18709    0.69003
64      B24A               0.03196    0.39385   -1.48568    0.15145    1.77465    1.34179   -0.96978    0.00678    0.01009    0.05574    0.01116    0.14183    0.20534    0.82054
65      B24A2              0.03280    0.40699   -1.90301    0.17346    1.68867    0.84450   -0.05691    0.00610    0.00964    0.05935    0.00851    0.25853    0.19595    0.76192
66      B24B               0.03543    0.39162   -1.60648    0.15047    1.66954    1.16249   -0.81371    0.00598    0.00848    0.05125    0.00955    0.13087    0.19948    0.75437
67      B24B2              0.03543    0.39162   -1.60648    0.15047    1.66954    1.16249   -0.81371    0.00598    0.00848    0.05125    0.00955    0.13087    0.19948    0.75437
68      B242Cr             0.03533    0.39060   -1.34350    0.23767    2.03494    1.62919   -0.88237    0.00604    0.00872    0.07035    0.01631    0.10637    0.24423    0.69549
69      B25A               0.03177    0.39692   -1.59775    0.15169    1.74937    1.20772   -0.76110    0.00681    0.01020    0.05731    0.01061    0.16862    0.19446    0.75034
70      B25B               0.03310    0.39163   -1.40917    0.16124    1.79979    1.44489   -1.04033    0.00678    0.00910    0.06255    0.01213    0.10055    0.21690    0.83743
71      B25B2              0.03310    0.39163   -1.40917    0.16124    1.79979    1.44489   -1.04033    0.00678    0.00910    0.06255    0.01213    0.10055    0.21690    0.83743
72      B25B3              0.03310    0.39163   -1.40917    0.16124    1.79979    1.44489   -1.04033    0.00678    0.00910    0.06255    0.01213    0.10055    0.21690    0.83743
73      B25B4              0.03310    0.39163   -1.40917    0.16124    1.79979    1.44489   -1.04033    0.00678    0.00910    0.06255    0.01213    0.10055    0.21690    0.83743
74      B25R              -9.90000   -9.90000   -9.90000   -9.90000   -9.90000   -9.90000   -9.90000   -9.90000   -9.90000   -9.90000   -9.90000   -9.90000   -9.90000   -9.90000
75      B26A               0.03219    0.40127   -1.73940    0.15957    1.69067    1.04062   -0.44122    0.00665    0.00958    0.06269    0.00962    0.20488    0.18709    0.69003
76      B26B               0.03177    0.39692   -1.59775    0.15169    1.74937    1.20772   -0.76110    0.00681    0.01020    0.05731    0.01061    0.16862    0.19446    0.75034
77      B26B2              0.03177    0.39692   -1.59775    0.15169    1.74937    1.20772   -0.76110    0.00681    0.01020    0.05731    0.01061    0.16862    0.19446    0.75034
78      B26C               0.03310    0.39163   -1.40917    0.16124    1.79979    1.44489   -1.04033    0.00678    0.00910    0.06255    0.01213    0.10055    0.21690    0.83743
79      B26Ab              0.06370    0.38651   -1.57782    0.12453    1.19159    0.96808   -1.45733    0.00592    0.00591    0.05067    0.00832    0.10477    0.24648    1.01832
80      B26Bb              0.05781    0.39513   -1.78572    0.15346    1.17379    0.78896   -0.71667    0.00452    0.00617    0.05981    0.00973    0.09963    0.20991    0.77707
81      B27A               0.03177    0.39692   -1.59775    0.15169    1.74937    1.20772   -0.76110    0.00681    0.01020    0.05731    0.01061    0.16862    0.19446    0.75034
82      B27B               0.03177    0.39692   -1.59775    0.15169    1.74937    1.20772   -0.76110    0.00681    0.01020    0.05731    0.01061    0.16862    0.19446    0.75034
83      B27B2              0.03543    0.39162   -1.60648    0.15047    1.66954    1.16249   -0.81371    0.00598    0.00848    0.05125    0.00955    0.13087    0.19948    0.75437
84      B27R              -9.90000   -9.90000   -9.90000   -9.90000   -9.90000   -9.90000   -9.90000   -9.90000   -9.90000   -9.90000   -9.90000   -9.90000   -9.90000   -9.90000
85      B28A               0.04668    0.38102   -1.45182    0.17038    1.72849    1.30281   -1.10141    0.00513    0.00622    0.04030    0.01081    0.07034    0.23588    0.79071
86      B28BA              0.04853    0.37987   -1.46472    0.16761    1.70100    1.26748   -1.12204    0.00499    0.00596    0.03961    0.01049    0.07304    0.23823    0.80251
87      B28Bw              0.04481    0.38217   -1.43898    0.17306    1.75189    1.33796   -1.08158    0.00533    0.00644    0.04220    0.01109    0.06477    0.23379    0.78153
88      B28C               0.04631    0.38293   -1.47319    0.15098    1.61332    1.24961   -1.18298    0.00516    0.00628    0.04010    0.00839    0.08042    0.23128    0.85816
89      B28Ab              0.05781    0.39513   -1.78572    0.15346    1.17379    0.78896   -0.71667    0.00452    0.00617    0.05981    0.00973    0.09963    0.20991    0.77707
90      B29A               0.03543    0.39162   -1.60648    0.15047    1.66954    1.16249   -0.81371    0.00598    0.00848    0.05125    0.00955    0.13087    0.19948    0.75437
91      B29B               0.03543    0.39162   -1.60648    0.15047    1.66954    1.16249   -0.81371    0.00598    0.00848    0.05125    0.00955    0.13087    0.19948    0.75437
92      B29Cr              0.03685    0.38803   -1.43034    0.15878    1.73649    1.38466   -1.07495    0.00638    0.00718    0.05334    0.01047    0.07782    0.22001    0.82996
93      B29R              -9.90000   -9.90000   -9.90000   -9.90000   -9.90000   -9.90000   -9.90000   -9.90000   -9.90000   -9.90000   -9.90000   -9.90000   -9.90000   -9.90000
94      B210A              0.03280    0.40699   -1.90301    0.17346    1.68867    0.84450   -0.05691    0.00610    0.00964    0.05935    0.00851    0.25853    0.19595    0.76192
95      B210B              0.03956    0.40270   -2.05389    0.18727    1.53537    0.60974    0.13604    0.00471    0.00763    0.05500    0.00777    0.25436    0.21584    0.92801
96      B210B2             0.03836    0.39676   -1.89664    0.17036    1.51394    0.79672   -0.19880    0.00466    0.00803    0.05590    0.00819    0.18020    0.19673    0.73710
97      B210CB             0.03171    0.39395   -1.34345    0.18960    1.91978    1.59140   -0.96529    0.00693    0.01088    0.07731    0.01600    0.11748    0.22979    0.80382
98      B31A               0.03177    0.39692   -1.59775    0.15169    1.74937    1.20772   -0.76110    0.00681    0.01020    0.05731    0.01061    0.16862    0.19446    0.75034
99      B31B               0.03570    0.38962   -1.50073    0.15002    1.69928    1.29009   -1.00946    0.00615    0.00761    0.04792    0.00955    0.10432    0.20985    0.81806
100     B31Bk              0.04326    0.39805   -2.03965    0.18405    1.41966    0.59296    0.03263    0.00411    0.00849    0.05390    0.00824    0.22621    0.21310    0.89586
101     B31B               0.03482    0.38988   -1.37671    0.17893    1.84482    1.50428   -1.01031    0.00664    0.00832    0.06576    0.01338    0.08241    0.22635    0.79787
102     B31R              -9.90000   -9.90000   -9.90000   -9.90000   -9.90000   -9.90000   -9.90000   -9.90000   -9.90000   -9.90000   -9.90000   -9.90000   -9.90000   -9.90000
103     B32A               0.03219    0.40127   -1.73940    0.15957    1.69067    1.04062   -0.44122    0.00665    0.00958    0.06269    0.00962    0.20488    0.18709    0.69003
104     B32B               0.03411    0.41437   -2.05846    0.19085    1.71392    0.66043    0.28742    0.00658    0.01106    0.06410    0.01035    0.31118    0.22263    0.98373
105     B32B2              0.03280    0.40699   -1.90301    0.17346    1.68867    0.84450   -0.05691    0.00610    0.00964    0.05935    0.00851    0.25853    0.19595    0.76192
106     B32Cr              0.02869    0.41042   -1.73102    0.16086    1.78822    1.09077   -0.37189    0.00757    0.01387    0.07096    0.01123    0.27612    0.18508    0.70306
107     B32R              -9.90000   -9.90000   -9.90000   -9.90000   -9.90000   -9.90000   -9.90000   -9.90000   -9.90000   -9.90000   -9.90000   -9.90000   -9.90000   -9.90000
108     B33A               0.03280    0.40699   -1.90301    0.17346    1.68867    0.84450   -0.05691    0.00610    0.00964    0.05935    0.00851    0.25853    0.19595    0.76192
109     B33B               0.04151    0.38631   -1.51581    0.14731    1.60222    1.22501   -1.07964    0.00546    0.00588    0.03967    0.00793    0.09515    0.21726    0.83171
110     B33B2              0.03586    0.39484   -1.74165    0.15809    1.60841    1.00132   -0.51438    0.00586    0.00852    0.06072    0.00924    0.14736    0.19119    0.69212
111     B33B3              0.03280    0.40699   -1.90301    0.17346    1.68867    0.84450   -0.05691    0.00610    0.00964    0.05935    0.00851    0.25853    0.19595    0.76192
112     B33Bt              0.06926    0.43273   -2.30694    0.21437    1.17665    0.18704    0.28881    0.00561    0.01044    0.06037    0.01042    0.10142    0.24639    1.39294
113     B33Ab              0.03196    0.39385   -1.48568    0.15145    1.77465    1.34179   -0.96978    0.00678    0.01009    0.05574    0.01116    0.14183    0.20534    0.82054
114     B34A               0.02950    0.39697   -1.38464    0.16363    1.87182    1.51170   -1.00825    0.00730    0.01273    0.07300    0.01437    0.15939    0.21502    0.85707
115     B34B               0.02848    0.40044   -1.46628    0.15290    1.85545    1.40211   -0.93245    0.00754    0.01358    0.06657    0.01313    0.20182    0.20157    0.83398
116     B34B2              0.02950    0.39697   -1.38464    0.16363    1.87182    1.51170   -1.00825    0.00730    0.01273    0.07300    0.01437    0.15939    0.21502    0.85707
117     B34Cr              0.03171    0.39395   -1.34345    0.18960    1.91978    1.59140   -0.96529    0.00693    0.01088    0.07731    0.01600    0.11748    0.22979    0.80382
118     B34R              -9.90000   -9.90000   -9.90000   -9.90000   -9.90000   -9.90000   -9.90000   -9.90000   -9.90000   -9.90000   -9.90000   -9.90000   -9.90000   -9.90000
119     B35A               0.05263    0.39572   -1.97323    0.17382    1.14919    0.60012   -0.23641    0.00398    0.00734    0.05331    0.01032    0.16951    0.20866    0.82764
120     B35Ap              0.05213    0.39244   -1.82725    0.15974    1.24341    0.77577   -0.55561    0.00389    0.00592    0.06105    0.01007    0.10164    0.20468    0.74465
121     B35B               0.05620    0.38715   -1.58979    0.13643    1.32946    1.02164   -1.20930    0.00475    0.00655    0.04463    0.00762    0.10820    0.23086    0.90039
122     B352B              0.06215    0.40979   -2.15423    0.19251    1.20549    0.34952    0.04246    0.00501    0.00777    0.05002    0.00962    0.13351    0.21899    1.07868
123     B352B2             0.06050    0.40849   -2.17509    0.19576    1.23843    0.33750    0.09278    0.00497    0.00864    0.05191    0.00982    0.13148    0.22014    1.10573
124     B353B              0.03685    0.38803   -1.43034    0.15878    1.73649    1.38466   -1.07495    0.00638    0.00718    0.05334    0.01047    0.07782    0.22001    0.82996
125     B36A               0.03310    0.39163   -1.40917    0.16124    1.79979    1.44489   -1.04033    0.00678    0.00910    0.06255    0.01213    0.10055    0.21690    0.83743
126     B36B               0.03196    0.39385   -1.48568    0.15145    1.77465    1.34179   -0.96978    0.00678    0.01009    0.05574    0.01116    0.14183    0.20534    0.82054
127     B36Bt              0.05691    0.39123   -1.67429    0.14317    1.26180    0.92393   -0.99044    0.00465    0.00660    0.05109    0.00869    0.10345    0.21944    0.82899
128     B36B               0.03543    0.39162   -1.60648    0.15047    1.66954    1.16249   -0.81371    0.00598    0.00848    0.05125    0.00955    0.13087    0.19948    0.75437
129     B36B2              0.03543    0.39162   -1.60648    0.15047    1.66954    1.16249   -0.81371    0.00598    0.00848    0.05125    0.00955    0.13087    0.19948    0.75437
130     B36R              -9.90000   -9.90000   -9.90000   -9.90000   -9.90000   -9.90000   -9.90000   -9.90000   -9.90000   -9.90000   -9.90000   -9.90000   -9.90000   -9.90000
131     B37A               0.02848    0.40044   -1.46628    0.15290    1.85545    1.40211   -0.93245    0.00754    0.01358    0.06657    0.01313    0.20182    0.20157    0.83398
132     B37B               0.03685    0.38803   -1.43034    0.15878    1.73649    1.38466   -1.07495    0.00638    0.00718    0.05334    0.01047    0.07782    0.22001    0.82996
133     B37B2              0.03310    0.39163   -1.40917    0.16124    1.79979    1.44489   -1.04033    0.00678    0.00910    0.06255    0.01213    0.10055    0.21690    0.83743
134     B37B3              0.03538    0.38939   -1.37277    0.18511    1.86188    1.51548   -0.99505    0.00653    0.00812    0.06547    0.01366    0.08123    0.22869    0.78103
135     B37B4              0.03533    0.39060   -1.34350    0.23767    2.03494    1.62919   -0.88237    0.00604    0.00872    0.07035    0.01631    0.10637    0.24423    0.69549
136     B37R              -9.90000   -9.90000   -9.90000   -9.90000   -9.90000   -9.90000   -9.90000   -9.90000   -9.90000   -9.90000   -9.90000   -9.90000   -9.90000   -9.90000
137     B38A               0.03310    0.39163   -1.40917    0.16124    1.79979    1.44489   -1.04033    0.00678    0.00910    0.06255    0.01213    0.10055    0.21690    0.83743
138     B38A2              0.04481    0.38217   -1.43898    0.17306    1.75189    1.33796   -1.08158    0.00533    0.00644    0.04220    0.01109    0.06477    0.23379    0.78153
139     B38AC              0.04481    0.38217   -1.43898    0.17306    1.75189    1.33796   -1.08158    0.00533    0.00644    0.04220    0.01109    0.06477    0.23379    0.78153
140     B38Cr              0.04126    0.38778   -1.61026    0.14824    1.55780    1.11064   -0.90229    0.00496    0.00617    0.04544    0.00841    0.10876    0.20735    0.77484
141     B39A               0.03310    0.39163   -1.40917    0.16124    1.79979    1.44489   -1.04033    0.00678    0.00910    0.06255    0.01213    0.10055    0.21690    0.83743
142     B39B               0.03913    0.38643   -1.37775    0.22962    1.99285    1.54204   -0.90539    0.00548    0.00685    0.05643    0.01367    0.07938    0.24006    0.67399
143     B39C               0.03913    0.38643   -1.37775    0.22962    1.99285    1.54204   -0.90539    0.00548    0.00685    0.05643    0.01367    0.07938    0.24006    0.67399
144     B39Ab              0.04299    0.38305   -1.41139    0.22141    1.95699    1.45512   -0.93178    0.00500    0.00626    0.04468    0.01264    0.06015    0.23805    0.66419
145     B310A              0.03411    0.41437   -2.05846    0.19085    1.71392    0.66043    0.28742    0.00658    0.01106    0.06410    0.01035    0.31118    0.22263    0.98373
146     B310B              0.05172    0.38057   -1.49682    0.14479    1.52858    1.17058   -1.26410    0.00480    0.00584    0.04281    0.00778    0.07938    0.23990    0.90100
147     B310Cr             0.03533    0.39060   -1.34350    0.23767    2.03494    1.62919   -0.88237    0.00604    0.00872    0.07035    0.01631    0.10637    0.24423    0.69549
148     B41A               0.03310    0.39163   -1.40917    0.16124    1.79979    1.44489   -1.04033    0.00678    0.00910    0.06255    0.01213    0.10055    0.21690    0.83743
149     B41R              -9.90000   -9.90000   -9.90000   -9.90000   -9.90000   -9.90000   -9.90000   -9.90000   -9.90000   -9.90000   -9.90000   -9.90000   -9.90000   -9.90000
150     B42A               0.03177    0.39692   -1.59775    0.15169    1.74937    1.20772   -0.76110    0.00681    0.01020    0.05731    0.01061    0.16862    0.19446    0.75034
151     B42R              -9.90000   -9.90000   -9.90000   -9.90000   -9.90000   -9.90000   -9.90000   -9.90000   -9.90000   -9.90000   -9.90000   -9.90000   -9.90000   -9.90000
152     B43A               0.02835    0.40485   -1.58359    0.15285    1.83020    1.26314   -0.71191    0.00774    0.01352    0.06802    0.01217    0.22879    0.19027    0.75891
153     B43B               0.02950    0.39697   -1.38464    0.16363    1.87182    1.51170   -1.00825    0.00730    0.01273    0.07300    0.01437    0.15939    0.21502    0.85707
154     B43Cr              0.03533    0.39060   -1.34350    0.23767    2.03494    1.62919   -0.88237    0.00604    0.00872    0.07035    0.01631    0.10637    0.24423    0.69549
155     B44A               0.03177    0.39692   -1.59775    0.15169    1.74937    1.20772   -0.76110    0.00681    0.01020    0.05731    0.01061    0.16862    0.19446    0.75034
156     B44B               0.03543    0.39162   -1.60648    0.15047    1.66954    1.16249   -0.81371    0.00598    0.00848    0.05125    0.00955    0.13087    0.19948    0.75437
157     B44B2              0.03177    0.39692   -1.59775    0.15169    1.74937    1.20772   -0.76110    0.00681    0.01020    0.05731    0.01061    0.16862    0.19446    0.75034
158     B44B3              0.03538    0.38939   -1.37277    0.18511    1.86188    1.51548   -0.99505    0.00653    0.00812    0.06547    0.01366    0.08123    0.22869    0.78103
159     B44B4              0.03310    0.39163   -1.40917    0.16124    1.79979    1.44489   -1.04033    0.00678    0.00910    0.06255    0.01213    0.10055    0.21690    0.83743
160     B44B5              0.02848    0.40044   -1.46628    0.15290    1.85545    1.40211   -0.93245    0.00754    0.01358    0.06657    0.01313    0.20182    0.20157    0.83398
161     B44R              -9.90000   -9.90000   -9.90000   -9.90000   -9.90000   -9.90000   -9.90000   -9.90000   -9.90000   -9.90000   -9.90000   -9.90000   -9.90000   -9.90000
162     B46A               0.03196    0.39385   -1.48568    0.15145    1.77465    1.34179   -0.96978    0.00678    0.01009    0.05574    0.01116    0.14183    0.20534    0.82054
163     B46B               0.03310    0.39163   -1.40917    0.16124    1.79979    1.44489   -1.04033    0.00678    0.00910    0.06255    0.01213    0.10055    0.21690    0.83743
164     B46R              -9.90000   -9.90000   -9.90000   -9.90000   -9.90000   -9.90000   -9.90000   -9.90000   -9.90000   -9.90000   -9.90000   -9.90000   -9.90000   -9.90000
165     B47A               0.03538    0.38939   -1.37277    0.18511    1.86188    1.51548   -0.99505    0.00653    0.00812    0.06547    0.01366    0.08123    0.22869    0.78103
166     B47B               0.03914    0.38603   -1.40008    0.18050    1.81373    1.44336   -1.02722    0.00606    0.00705    0.05436    0.01221    0.06760    0.22955    0.77168
167     B47B2              0.03914    0.38603   -1.40008    0.18050    1.81373    1.44336   -1.02722    0.00606    0.00705    0.05436    0.01221    0.06760    0.22955    0.77168
168     B47C               0.03913    0.38643   -1.37775    0.22962    1.99285    1.54204   -0.90539    0.00548    0.00685    0.05643    0.01367    0.07938    0.24006    0.67399
169     B48A               0.03196    0.39385   -1.48568    0.15145    1.77465    1.34179   -0.96978    0.00678    0.01009    0.05574    0.01116    0.14183    0.20534    0.82054
170     B48B               0.03177    0.39692   -1.59775    0.15169    1.74937    1.20772   -0.76110    0.00681    0.01020    0.05731    0.01061    0.16862    0.19446    0.75034
171     B48B2              0.03310    0.39163   -1.40917    0.16124    1.79979    1.44489   -1.04033    0.00678    0.00910    0.06255    0.01213    0.10055    0.21690    0.83743
172     B48B3              0.03196    0.39385   -1.48568    0.15145    1.77465    1.34179   -0.96978    0.00678    0.01009    0.05574    0.01116    0.14183    0.20534    0.82054
173     B49A               0.03177    0.39692   -1.59775    0.15169    1.74937    1.20772   -0.76110    0.00681    0.01020    0.05731    0.01061    0.16862    0.19446    0.75034
174     B49R              -9.90000   -9.90000   -9.90000   -9.90000   -9.90000   -9.90000   -9.90000   -9.90000   -9.90000   -9.90000   -9.90000   -9.90000   -9.90000   -9.90000
175     B410A              0.04493    0.38152   -1.42822    0.21722    1.93858    1.41125   -0.94620    0.00482    0.00608    0.04033    0.01248    0.05922    0.23797    0.66448
176     B410BA             0.04853    0.37987   -1.46472    0.16761    1.70100    1.26748   -1.12204    0.00499    0.00596    0.03961    0.01049    0.07304    0.23823    0.80251
177     B410Bw             0.04853    0.37987   -1.46472    0.16761    1.70100    1.26748   -1.12204    0.00499    0.00596    0.03961    0.01049    0.07304    0.23823    0.80251
178     B410Bkk            0.04481    0.38217   -1.43898    0.17306    1.75189    1.33796   -1.08158    0.00533    0.00644    0.04220    0.01109    0.06477    0.23379    0.78153
179     B410R             -9.90000   -9.90000   -9.90000   -9.90000   -9.90000   -9.90000   -9.90000   -9.90000   -9.90000   -9.90000   -9.90000   -9.90000   -9.90000   -9.90000
180     IL11A              0.03177    0.39692   -1.59775    0.15169    1.74937    1.20772   -0.76110    0.00681    0.01020    0.05731    0.01061    0.16862    0.19446    0.75034
181     IL11B              0.03177    0.39692   -1.59775    0.15169    1.74937    1.20772   -0.76110    0.00681    0.01020    0.05731    0.01061    0.16862    0.19446    0.75034
182     IL11C              0.03196    0.39385   -1.48568    0.15145    1.77465    1.34179   -0.96978    0.00678    0.01009    0.05574    0.01116    0.14183    0.20534    0.82054
183     IL11R             -9.90000   -9.90000   -9.90000   -9.90000   -9.90000   -9.90000   -9.90000   -9.90000   -9.90000   -9.90000   -9.90000   -9.90000   -9.90000   -9.90000
184     IL13A              0.03685    0.38803   -1.43034    0.15878    1.73649    1.38466   -1.07495    0.00638    0.00718    0.05334    0.01047    0.07782    0.22001    0.82996
185     IL13B              0.03570    0.38962   -1.50073    0.15002    1.69928    1.29009   -1.00946    0.00615    0.00761    0.04792    0.00955    0.10432    0.20985    0.81806
186     IL13B2             0.03586    0.39484   -1.74165    0.15809    1.60841    1.00132   -0.51438    0.00586    0.00852    0.06072    0.00924    0.14736    0.19119    0.69212
187     IL14A              0.03570    0.38962   -1.50073    0.15002    1.69928    1.29009   -1.00946    0.00615    0.00761    0.04792    0.00955    0.10432    0.20985    0.81806
188     IL14B              0.03586    0.39484   -1.74165    0.15809    1.60841    1.00132   -0.51438    0.00586    0.00852    0.06072    0.00924    0.14736    0.19119    0.69212
189     IL14B2             0.03647    0.39952   -1.90076    0.17149    1.57099    0.80948   -0.15029    0.00505    0.00788    0.05544    0.00787    0.20150    0.19596    0.74288
190     IL14Cr             0.03196    0.39385   -1.48568    0.15145    1.77465    1.34179   -0.96978    0.00678    0.01009    0.05574    0.01116    0.14183    0.20534    0.82054
191     IL14R             -9.90000   -9.90000   -9.90000   -9.90000   -9.90000   -9.90000   -9.90000   -9.90000   -9.90000   -9.90000   -9.90000   -9.90000   -9.90000   -9.90000
192     IL15A              0.03177    0.39692   -1.59775    0.15169    1.74937    1.20772   -0.76110    0.00681    0.01020    0.05731    0.01061    0.16862    0.19446    0.75034
193     IL15B              0.04255    0.38461   -1.45713    0.15445    1.65960    1.30229   -1.13569    0.00563    0.00639    0.04264    0.00893    0.07601    0.22623    0.83962
194     IL15B2             0.04255    0.38461   -1.45713    0.15445    1.65960    1.30229   -1.13569    0.00563    0.00639    0.04264    0.00893    0.07601    0.22623    0.83962
195     IL15CB             0.04126    0.38778   -1.61026    0.14824    1.55780    1.11064   -0.90229    0.00496    0.00617    0.04544    0.00841    0.10876    0.20735    0.77484
196     IL15C              0.03310    0.39163   -1.40917    0.16124    1.79979    1.44489   -1.04033    0.00678    0.00910    0.06255    0.01213    0.10055    0.21690    0.83743
197     IL15C2             0.03913    0.38643   -1.37775    0.22962    1.99285    1.54204   -0.90539    0.00548    0.00685    0.05643    0.01367    0.07938    0.24006    0.67399
198     IL15R             -9.90000   -9.90000   -9.90000   -9.90000   -9.90000   -9.90000   -9.90000   -9.90000   -9.90000   -9.90000   -9.90000   -9.90000   -9.90000   -9.90000
199     IL18A              0.03685    0.38803   -1.43034    0.15878    1.73649    1.38466   -1.07495    0.00638    0.00718    0.05334    0.01047    0.07782    0.22001    0.82996
200     IL18B              0.03685    0.38803   -1.43034    0.15878    1.73649    1.38466   -1.07495    0.00638    0.00718    0.05334    0.01047    0.07782    0.22001    0.82996
201     IL18B2             0.03543    0.39162   -1.60648    0.15047    1.66954    1.16249   -0.81371    0.00598    0.00848    0.05125    0.00955    0.13087    0.19948    0.75437
202     IL18BC             0.03685    0.38803   -1.43034    0.15878    1.73649    1.38466   -1.07495    0.00638    0.00718    0.05334    0.01047    0.07782    0.22001    0.82996
203     IL18C              0.03913    0.38643   -1.37775    0.22962    1.99285    1.54204   -0.90539    0.00548    0.00685    0.05643    0.01367    0.07938    0.24006    0.67399
204     IL18R             -9.90000   -9.90000   -9.90000   -9.90000   -9.90000   -9.90000   -9.90000   -9.90000   -9.90000   -9.90000   -9.90000   -9.90000   -9.90000   -9.90000
205     IL19A              0.04151    0.38631   -1.51581    0.14731    1.60222    1.22501   -1.07964    0.00546    0.00588    0.03967    0.00793    0.09515    0.21726    0.83171
206     IL110A             0.03543    0.39162   -1.60648    0.15047    1.66954    1.16249   -0.81371    0.00598    0.00848    0.05125    0.00955    0.13087    0.19948    0.75437
207     IL110B             0.03543    0.39162   -1.60648    0.15047    1.66954    1.16249   -0.81371    0.00598    0.00848    0.05125    0.00955    0.13087    0.19948    0.75437
208     IL110BC            0.03685    0.38803   -1.43034    0.15878    1.73649    1.38466   -1.07495    0.00638    0.00718    0.05334    0.01047    0.07782    0.22001    0.82996
209     IL21A              0.03310    0.39163   -1.40917    0.16124    1.79979    1.44489   -1.04033    0.00678    0.00910    0.06255    0.01213    0.10055    0.21690    0.83743
210     IL21R             -9.90000   -9.90000   -9.90000   -9.90000   -9.90000   -9.90000   -9.90000   -9.90000   -9.90000   -9.90000   -9.90000   -9.90000   -9.90000   -9.90000
211     IL22A              0.03177    0.39692   -1.59775    0.15169    1.74937    1.20772   -0.76110    0.00681    0.01020    0.05731    0.01061    0.16862    0.19446    0.75034
212     IL22B              0.03280    0.40699   -1.90301    0.17346    1.68867    0.84450   -0.05691    0.00610    0.00964    0.05935    0.00851    0.25853    0.19595    0.76192
213     IL22Cr             0.04160    0.38978   -1.73437    0.15540    1.49878    0.96104   -0.63106    0.00478    0.00762    0.05892    0.00930    0.11033    0.19854    0.71140
214     IL23A              0.03586    0.39484   -1.74165    0.15809    1.60841    1.00132   -0.51438    0.00586    0.00852    0.06072    0.00924    0.14736    0.19119    0.69212
215     IL23B              0.03543    0.39162   -1.60648    0.15047    1.66954    1.16249   -0.81371    0.00598    0.00848    0.05125    0.00955    0.13087    0.19948    0.75437
216     IL23B2             0.03280    0.40699   -1.90301    0.17346    1.68867    0.84450   -0.05691    0.00610    0.00964    0.05935    0.00851    0.25853    0.19595    0.76192
217     IL23B3             0.03280    0.40699   -1.90301    0.17346    1.68867    0.84450   -0.05691    0.00610    0.00964    0.05935    0.00851    0.25853    0.19595    0.76192
218     IL23Cr             0.04222    0.39306   -1.88314    0.16779    1.41165    0.77983   -0.29826    0.00416    0.00849    0.05870    0.00919    0.15472    0.19878    0.73107
219     IL24A              0.03570    0.38962   -1.50073    0.15002    1.69928    1.29009   -1.00946    0.00615    0.00761    0.04792    0.00955    0.10432    0.20985    0.81806
220     IL24B              0.03772    0.40593   -2.05778    0.18864    1.59342    0.62311    0.18712    0.00522    0.00778    0.05662    0.00811    0.27033    0.21761    0.94511
221     IL24B2             0.03543    0.39162   -1.60648    0.15047    1.66954    1.16249   -0.81371    0.00598    0.00848    0.05125    0.00955    0.13087    0.19948    0.75437
222     IL24R             -9.90000   -9.90000   -9.90000   -9.90000   -9.90000   -9.90000   -9.90000   -9.90000   -9.90000   -9.90000   -9.90000   -9.90000   -9.90000   -9.90000
223     IL25A              0.03310    0.39163   -1.40917    0.16124    1.79979    1.44489   -1.04033    0.00678    0.00910    0.06255    0.01213    0.10055    0.21690    0.83743
224     IL25B              0.03310    0.39163   -1.40917    0.16124    1.79979    1.44489   -1.04033    0.00678    0.00910    0.06255    0.01213    0.10055    0.21690    0.83743
225     IL25B2             0.03196    0.39385   -1.48568    0.15145    1.77465    1.34179   -0.96978    0.00678    0.01009    0.05574    0.01116    0.14183    0.20534    0.82054
226     IL25Ab1            0.07397    0.40182   -1.64068    0.11854    0.92995    0.83544   -1.47612    0.00758    0.00684    0.05332    0.00971    0.12604    0.24371    1.05991
227     IL25C              0.03913    0.38643   -1.37775    0.22962    1.99285    1.54204   -0.90539    0.00548    0.00685    0.05643    0.01367    0.07938    0.24006    0.67399
228     IL25Ab2            0.08335    0.42523   -1.67512    0.11041    0.76914    0.75039   -1.56719    0.00803    0.00895    0.06512    0.01081    0.20289    0.24721    1.14225
229     IL27A              0.03685    0.38803   -1.43034    0.15878    1.73649    1.38466   -1.07495    0.00638    0.00718    0.05334    0.01047    0.07782    0.22001    0.82996
230     IL27B              0.03685    0.38803   -1.43034    0.15878    1.73649    1.38466   -1.07495    0.00638    0.00718    0.05334    0.01047    0.07782    0.22001    0.82996
231     IL27B2             0.04255    0.38461   -1.45713    0.15445    1.65960    1.30229   -1.13569    0.00563    0.00639    0.04264    0.00893    0.07601    0.22623    0.83962
232     IL27Bk             0.03685    0.38803   -1.43034    0.15878    1.73649    1.38466   -1.07495    0.00638    0.00718    0.05334    0.01047    0.07782    0.22001    0.82996
233     IL27C              0.03685    0.38803   -1.43034    0.15878    1.73649    1.38466   -1.07495    0.00638    0.00718    0.05334    0.01047    0.07782    0.22001    0.82996
234     IL27R             -9.90000   -9.90000   -9.90000   -9.90000   -9.90000   -9.90000   -9.90000   -9.90000   -9.90000   -9.90000   -9.90000   -9.90000   -9.90000   -9.90000
235     IL28A              0.03177    0.39692   -1.59775    0.15169    1.74937    1.20772   -0.76110    0.00681    0.01020    0.05731    0.01061    0.16862    0.19446    0.75034
236     IL28B              0.03219    0.40127   -1.73940    0.15957    1.69067    1.04062   -0.44122    0.00665    0.00958    0.06269    0.00962    0.20488    0.18709    0.69003
237     IL28B2             0.03219    0.40127   -1.73940    0.15957    1.69067    1.04062   -0.44122    0.00665    0.00958    0.06269    0.00962    0.20488    0.18709    0.69003
238     IL28Cr             0.03219    0.40127   -1.73940    0.15957    1.69067    1.04062   -0.44122    0.00665    0.00958    0.06269    0.00962    0.20488    0.18709    0.69003
239     IL28R             -9.90000   -9.90000   -9.90000   -9.90000   -9.90000   -9.90000   -9.90000   -9.90000   -9.90000   -9.90000   -9.90000   -9.90000   -9.90000   -9.90000
240     IL29A              0.03538    0.38939   -1.37277    0.18511    1.86188    1.51548   -0.99505    0.00653    0.00812    0.06547    0.01366    0.08123    0.22869    0.78103
241     IL29B              0.03177    0.39692   -1.59775    0.15169    1.74937    1.20772   -0.76110    0.00681    0.01020    0.05731    0.01061    0.16862    0.19446    0.75034
242     IL29R             -9.90000   -9.90000   -9.90000   -9.90000   -9.90000   -9.90000   -9.90000   -9.90000   -9.90000   -9.90000   -9.90000   -9.90000   -9.90000   -9.90000
243     IL210A             0.03685    0.38803   -1.43034    0.15878    1.73649    1.38466   -1.07495    0.00638    0.00718    0.05334    0.01047    0.07782    0.22001    0.82996
244     IL210B             0.03310    0.39163   -1.40917    0.16124    1.79979    1.44489   -1.04033    0.00678    0.00910    0.06255    0.01213    0.10055    0.21690    0.83743
245     IL210B2            0.03914    0.38603   -1.40008    0.18050    1.81373    1.44336   -1.02722    0.00606    0.00705    0.05436    0.01221    0.06760    0.22955    0.77168
246     IL210CB            0.03685    0.38803   -1.43034    0.15878    1.73649    1.38466   -1.07495    0.00638    0.00718    0.05334    0.01047    0.07782    0.22001    0.82996
247     IL210R            -9.90000   -9.90000   -9.90000   -9.90000   -9.90000   -9.90000   -9.90000   -9.90000   -9.90000   -9.90000   -9.90000   -9.90000   -9.90000   -9.90000
248     IL31A              0.03581    0.42327   -2.18709    0.20835    1.83931    0.51775    0.54780    0.00758    0.01363    0.07276    0.01424    0.26969    0.25069    1.25099
249     IL31B              0.03943    0.41392   -2.19091    0.20630    1.71168    0.47538    0.44595    0.00593    0.00883    0.06519    0.01129    0.21389    0.24054    1.19873
250     IL31BC             0.03943    0.41392   -2.19091    0.20630    1.71168    0.47538    0.44595    0.00593    0.00883    0.06519    0.01129    0.21389    0.24054    1.19873
251     IL31R             -9.90000   -9.90000   -9.90000   -9.90000   -9.90000   -9.90000   -9.90000   -9.90000   -9.90000   -9.90000   -9.90000   -9.90000   -9.90000   -9.90000
252     IL32A              0.03538    0.38939   -1.37277    0.18511    1.86188    1.51548   -0.99505    0.00653    0.00812    0.06547    0.01366    0.08123    0.22869    0.78103
253     IL32B              0.03913    0.38643   -1.37775    0.22962    1.99285    1.54204   -0.90539    0.00548    0.00685    0.05643    0.01367    0.07938    0.24006    0.67399
254     IL32B2             0.03913    0.38643   -1.37775    0.22962    1.99285    1.54204   -0.90539    0.00548    0.00685    0.05643    0.01367    0.07938    0.24006    0.67399
255     IL33A              0.03196    0.39385   -1.48568    0.15145    1.77465    1.34179   -0.96978    0.00678    0.01009    0.05574    0.01116    0.14183    0.20534    0.82054
256     IL33B              0.03538    0.38939   -1.37277    0.18511    1.86188    1.51548   -0.99505    0.00653    0.00812    0.06547    0.01366    0.08123    0.22869    0.78103
257     IL33B2             0.03914    0.38603   -1.40008    0.18050    1.81373    1.44336   -1.02722    0.00606    0.00705    0.05436    0.01221    0.06760    0.22955    0.77168
258     IL33B3             0.03685    0.38803   -1.43034    0.15878    1.73649    1.38466   -1.07495    0.00638    0.00718    0.05334    0.01047    0.07782    0.22001    0.82996
259     IL33B4             0.03177    0.39692   -1.59775    0.15169    1.74937    1.20772   -0.76110    0.00681    0.01020    0.05731    0.01061    0.16862    0.19446    0.75034
260     IL34A              0.05037    0.40902   -2.26754    0.21266    1.50147    0.31456    0.37862    0.00452    0.00938    0.06484    0.01089    0.15102    0.23689    1.28052
261     IL34A2             0.04616    0.39154   -1.86383    0.16486    1.33077    0.77278   -0.39991    0.00392    0.00794    0.06115    0.00992    0.13479    0.20097    0.73135
262     IL34A3             0.04698    0.39565   -2.01775    0.18027    1.30357    0.58830   -0.07278    0.00395    0.00893    0.05386    0.00931    0.20065    0.21094    0.86576
263     IL34AB             0.05672    0.37808   -1.52134    0.13745    1.41921    1.09066   -1.35751    0.00497    0.00511    0.04916    0.00742    0.07326    0.24883    0.95731
264     IL34B              0.04631    0.38293   -1.47319    0.15098    1.61332    1.24961   -1.18298    0.00516    0.00628    0.04010    0.00839    0.08042    0.23128    0.85816
265     IL34B2             0.05213    0.39244   -1.82725    0.15974    1.24341    0.77577   -0.55561    0.00389    0.00592    0.06105    0.01007    0.10164    0.20468    0.74465
266     IL34B3             0.05886    0.37288   -1.54561    0.14882    1.44670    1.05356   -1.25774    0.00560    0.00492    0.05717    0.00844    0.06451    0.25369    0.91001
267     IL34C              0.05093    0.38702   -1.59924    0.14200    1.41035    1.05189   -1.08282    0.00445    0.00607    0.04204    0.00774    0.10754    0.22152    0.84246
268     IL34Cr             0.04481    0.38217   -1.43898    0.17306    1.75189    1.33796   -1.08158    0.00533    0.00644    0.04220    0.01109    0.06477    0.23379    0.78153
269     IL36A              0.03685    0.38803   -1.43034    0.15878    1.73649    1.38466   -1.07495    0.00638    0.00718    0.05334    0.01047    0.07782    0.22001    0.82996
270     IL36B              0.03685    0.38803   -1.43034    0.15878    1.73649    1.38466   -1.07495    0.00638    0.00718    0.05334    0.01047    0.07782    0.22001    0.82996
271     IL36Cr             0.03685    0.38803   -1.43034    0.15878    1.73649    1.38466   -1.07495    0.00638    0.00718    0.05334    0.01047    0.07782    0.22001    0.82996
272     IL37A              0.03685    0.38803   -1.43034    0.15878    1.73649    1.38466   -1.07495    0.00638    0.00718    0.05334    0.01047    0.07782    0.22001    0.82996
273     IL37B              0.03685    0.38803   -1.43034    0.15878    1.73649    1.38466   -1.07495    0.00638    0.00718    0.05334    0.01047    0.07782    0.22001    0.82996
274     IL37Cr             0.03543    0.39162   -1.60648    0.15047    1.66954    1.16249   -0.81371    0.00598    0.00848    0.05125    0.00955    0.13087    0.19948    0.75437
275     IL37R             -9.90000   -9.90000   -9.90000   -9.90000   -9.90000   -9.90000   -9.90000   -9.90000   -9.90000   -9.90000   -9.90000   -9.90000   -9.90000   -9.90000
276     IL39A              0.04299    0.38305   -1.41139    0.22141    1.95699    1.45512   -0.93178    0.00500    0.00626    0.04468    0.01264    0.06015    0.23805    0.66419
277     IL39BA             0.03685    0.38803   -1.43034    0.15878    1.73649    1.38466   -1.07495    0.00638    0.00718    0.05334    0.01047    0.07782    0.22001    0.82996
278     IL39B              0.03685    0.38803   -1.43034    0.15878    1.73649    1.38466   -1.07495    0.00638    0.00718    0.05334    0.01047    0.07782    0.22001    0.82996
279     IL39B2             0.03685    0.38803   -1.43034    0.15878    1.73649    1.38466   -1.07495    0.00638    0.00718    0.05334    0.01047    0.07782    0.22001    0.82996
280     IL39Cr             0.03538    0.38939   -1.37277    0.18511    1.86188    1.51548   -0.99505    0.00653    0.00812    0.06547    0.01366    0.08123    0.22869    0.78103
281     IL39R             -9.90000   -9.90000   -9.90000   -9.90000   -9.90000   -9.90000   -9.90000   -9.90000   -9.90000   -9.90000   -9.90000   -9.90000   -9.90000   -9.90000
282     IL310A             0.03219    0.40127   -1.73940    0.15957    1.69067    1.04062   -0.44122    0.00665    0.00958    0.06269    0.00962    0.20488    0.18709    0.69003
283     IL310B             0.03310    0.39163   -1.40917    0.16124    1.79979    1.44489   -1.04033    0.00678    0.00910    0.06255    0.01213    0.10055    0.21690    0.83743
284     IL310B2            0.03196    0.39385   -1.48568    0.15145    1.77465    1.34179   -0.96978    0.00678    0.01009    0.05574    0.01116    0.14183    0.20534    0.82054
285     IL310C             0.03310    0.39163   -1.40917    0.16124    1.79979    1.44489   -1.04033    0.00678    0.00910    0.06255    0.01213    0.10055    0.21690    0.83743
286     IL310C2            0.03914    0.38603   -1.40008    0.18050    1.81373    1.44336   -1.02722    0.00606    0.00705    0.05436    0.01221    0.06760    0.22955    0.77168
287     IL310R            -9.90000   -9.90000   -9.90000   -9.90000   -9.90000   -9.90000   -9.90000   -9.90000   -9.90000   -9.90000   -9.90000   -9.90000   -9.90000   -9.90000
288     IL42A              0.03310    0.39163   -1.40917    0.16124    1.79979    1.44489   -1.04033    0.00678    0.00910    0.06255    0.01213    0.10055    0.21690    0.83743
289     IL42B              0.03310    0.39163   -1.40917    0.16124    1.79979    1.44489   -1.04033    0.00678    0.00910    0.06255    0.01213    0.10055    0.21690    0.83743
290     IL42B2             0.03196    0.39385   -1.48568    0.15145    1.77465    1.34179   -0.96978    0.00678    0.01009    0.05574    0.01116    0.14183    0.20534    0.82054
291     IL42BC             0.03913    0.38643   -1.37775    0.22962    1.99285    1.54204   -0.90539    0.00548    0.00685    0.05643    0.01367    0.07938    0.24006    0.67399
292     IL43A              0.03232    0.43555   -2.17185    0.20933    1.96501    0.57459    0.64468    0.00947    0.02233    0.09001    0.01860    0.33909    0.26191    1.31038
293     IL43B              0.05549    0.40678   -2.22921    0.20486    1.35688    0.31437    0.23759    0.00462    0.01016    0.05920    0.01019    0.13740    0.22630    1.19187
294     IL43R             -9.90000   -9.90000   -9.90000   -9.90000   -9.90000   -9.90000   -9.90000   -9.90000   -9.90000   -9.90000   -9.90000   -9.90000   -9.90000   -9.90000
295     IL44A              0.03570    0.38962   -1.50073    0.15002    1.69928    1.29009   -1.00946    0.00615    0.00761    0.04792    0.00955    0.10432    0.20985    0.81806
296     IL44Cr             0.03685    0.38803   -1.43034    0.15878    1.73649    1.38466   -1.07495    0.00638    0.00718    0.05334    0.01047    0.07782    0.22001    0.82996
297     IL45A              0.03914    0.38603   -1.40008    0.18050    1.81373    1.44336   -1.02722    0.00606    0.00705    0.05436    0.01221    0.06760    0.22955    0.77168
298     IL45B              0.03913    0.38643   -1.37775    0.22962    1.99285    1.54204   -0.90539    0.00548    0.00685    0.05643    0.01367    0.07938    0.24006    0.67399
299     IL45R             -9.90000   -9.90000   -9.90000   -9.90000   -9.90000   -9.90000   -9.90000   -9.90000   -9.90000   -9.90000   -9.90000   -9.90000   -9.90000   -9.90000
300     IL47A              0.02835    0.40485   -1.58359    0.15285    1.83020    1.26314   -0.71191    0.00774    0.01352    0.06802    0.01217    0.22879    0.19027    0.75891
301     IL47B              0.03543    0.39162   -1.60648    0.15047    1.66954    1.16249   -0.81371    0.00598    0.00848    0.05125    0.00955    0.13087    0.19948    0.75437
302     IL47B2             0.04151    0.38631   -1.51581    0.14731    1.60222    1.22501   -1.07964    0.00546    0.00588    0.03967    0.00793    0.09515    0.21726    0.83171
303     IL47B3             0.03310    0.39163   -1.40917    0.16124    1.79979    1.44489   -1.04033    0.00678    0.00910    0.06255    0.01213    0.10055    0.21690    0.83743
304     IL48A              0.03310    0.39163   -1.40917    0.16124    1.79979    1.44489   -1.04033    0.00678    0.00910    0.06255    0.01213    0.10055    0.21690    0.83743
305     IL48R             -9.90000   -9.90000   -9.90000   -9.90000   -9.90000   -9.90000   -9.90000   -9.90000   -9.90000   -9.90000   -9.90000   -9.90000   -9.90000   -9.90000
306     IL49A              0.03196    0.39385   -1.48568    0.15145    1.77465    1.34179   -0.96978    0.00678    0.01009    0.05574    0.01116    0.14183    0.20534    0.82054
307     IL49B              0.02848    0.40044   -1.46628    0.15290    1.85545    1.40211   -0.93245    0.00754    0.01358    0.06657    0.01313    0.20182    0.20157    0.83398
308     IL49Bw             0.02848    0.40044   -1.46628    0.15290    1.85545    1.40211   -0.93245    0.00754    0.01358    0.06657    0.01313    0.20182    0.20157    0.83398
309     IL49R             -9.90000   -9.90000   -9.90000   -9.90000   -9.90000   -9.90000   -9.90000   -9.90000   -9.90000   -9.90000   -9.90000   -9.90000   -9.90000   -9.90000
310     IL410A             0.02835    0.40485   -1.58359    0.15285    1.83020    1.26314   -0.71191    0.00774    0.01352    0.06802    0.01217    0.22879    0.19027    0.75891
311     IL410B             0.02848    0.40044   -1.46628    0.15290    1.85545    1.40211   -0.93245    0.00754    0.01358    0.06657    0.01313    0.20182    0.20157    0.83398
312     IL410C             0.02950    0.39697   -1.38464    0.16363    1.87182    1.51170   -1.00825    0.00730    0.01273    0.07300    0.01437    0.15939    0.21502    0.85707
313     IL410C2            0.03171    0.39395   -1.34345    0.18960    1.91978    1.59140   -0.96529    0.00693    0.01088    0.07731    0.01600    0.11748    0.22979    0.80382
314     M11A               0.04299    0.38305   -1.41139    0.22141    1.95699    1.45512   -0.93178    0.00500    0.00626    0.04468    0.01264    0.06015    0.23805    0.66419
315     M11BA              0.03914    0.38603   -1.40008    0.18050    1.81373    1.44336   -1.02722    0.00606    0.00705    0.05436    0.01221    0.06760    0.22955    0.77168
316     M11B               0.04151    0.38631   -1.51581    0.14731    1.60222    1.22501   -1.07964    0.00546    0.00588    0.03967    0.00793    0.09515    0.21726    0.83171
317     M11B2              0.03685    0.38803   -1.43034    0.15878    1.73649    1.38466   -1.07495    0.00638    0.00718    0.05334    0.01047    0.07782    0.22001    0.82996
318     M12A               0.03310    0.39163   -1.40917    0.16124    1.79979    1.44489   -1.04033    0.00678    0.00910    0.06255    0.01213    0.10055    0.21690    0.83743
319     M12B               0.03310    0.39163   -1.40917    0.16124    1.79979    1.44489   -1.04033    0.00678    0.00910    0.06255    0.01213    0.10055    0.21690    0.83743
320     M12B2              0.03310    0.39163   -1.40917    0.16124    1.79979    1.44489   -1.04033    0.00678    0.00910    0.06255    0.01213    0.10055    0.21690    0.83743
321     M12B3              0.03310    0.39163   -1.40917    0.16124    1.79979    1.44489   -1.04033    0.00678    0.00910    0.06255    0.01213    0.10055    0.21690    0.83743
322     M14A               0.03913    0.38643   -1.37775    0.22962    1.99285    1.54204   -0.90539    0.00548    0.00685    0.05643    0.01367    0.07938    0.24006    0.67399
323     M14B               0.03913    0.38643   -1.37775    0.22962    1.99285    1.54204   -0.90539    0.00548    0.00685    0.05643    0.01367    0.07938    0.24006    0.67399
324     M14B2              0.03914    0.38603   -1.40008    0.18050    1.81373    1.44336   -1.02722    0.00606    0.00705    0.05436    0.01221    0.06760    0.22955    0.77168
325     M14C               0.03913    0.38643   -1.37775    0.22962    1.99285    1.54204   -0.90539    0.00548    0.00685    0.05643    0.01367    0.07938    0.24006    0.67399
326     M15A               0.03543    0.39162   -1.60648    0.15047    1.66954    1.16249   -0.81371    0.00598    0.00848    0.05125    0.00955    0.13087    0.19948    0.75437
327     M15B               0.04151    0.38631   -1.51581    0.14731    1.60222    1.22501   -1.07964    0.00546    0.00588    0.03967    0.00793    0.09515    0.21726    0.83171
328     M15Bt              0.07059    0.41428   -1.90366    0.15827    0.84133    0.57608   -0.54495    0.00562    0.00784    0.06400    0.00890    0.21471    0.21664    0.87828
329     M15Bt2             0.06997    0.42299   -2.15849    0.19063    1.14676    0.30866    0.00833    0.00517    0.00683    0.05178    0.00889    0.13102    0.22381    1.12545
330     M15R              -9.90000   -9.90000   -9.90000   -9.90000   -9.90000   -9.90000   -9.90000   -9.90000   -9.90000   -9.90000   -9.90000   -9.90000   -9.90000   -9.90000
331     M16A               0.03310    0.39163   -1.40917    0.16124    1.79979    1.44489   -1.04033    0.00678    0.00910    0.06255    0.01213    0.10055    0.21690    0.83743
332     M16B               0.03914    0.38603   -1.40008    0.18050    1.81373    1.44336   -1.02722    0.00606    0.00705    0.05436    0.01221    0.06760    0.22955    0.77168
333     M16B2              0.03914    0.38603   -1.40008    0.18050    1.81373    1.44336   -1.02722    0.00606    0.00705    0.05436    0.01221    0.06760    0.22955    0.77168
334     M17A               0.03310    0.39163   -1.40917    0.16124    1.79979    1.44489   -1.04033    0.00678    0.00910    0.06255    0.01213    0.10055    0.21690    0.83743
335     M17B               0.03310    0.39163   -1.40917    0.16124    1.79979    1.44489   -1.04033    0.00678    0.00910    0.06255    0.01213    0.10055    0.21690    0.83743
336     M17B2              0.03310    0.39163   -1.40917    0.16124    1.79979    1.44489   -1.04033    0.00678    0.00910    0.06255    0.01213    0.10055    0.21690    0.83743
337     M17B3              0.04126    0.38778   -1.61026    0.14824    1.55780    1.11064   -0.90229    0.00496    0.00617    0.04544    0.00841    0.10876    0.20735    0.77484
338     M18A               0.03914    0.38603   -1.40008    0.18050    1.81373    1.44336   -1.02722    0.00606    0.00705    0.05436    0.01221    0.06760    0.22955    0.77168
339     M18Bw              0.03685    0.38803   -1.43034    0.15878    1.73649    1.38466   -1.07495    0.00638    0.00718    0.05334    0.01047    0.07782    0.22001    0.82996
340     M18AB              0.04255    0.38461   -1.45713    0.15445    1.65960    1.30229   -1.13569    0.00563    0.00639    0.04264    0.00893    0.07601    0.22623    0.83962
341     M18C               0.03538    0.38939   -1.37277    0.18511    1.86188    1.51548   -0.99505    0.00653    0.00812    0.06547    0.01366    0.08123    0.22869    0.78103
342     M110A              0.03685    0.38803   -1.43034    0.15878    1.73649    1.38466   -1.07495    0.00638    0.00718    0.05334    0.01047    0.07782    0.22001    0.82996
343     M110B              0.03685    0.38803   -1.43034    0.15878    1.73649    1.38466   -1.07495    0.00638    0.00718    0.05334    0.01047    0.07782    0.22001    0.82996
344     M110BC             0.03538    0.38939   -1.37277    0.18511    1.86188    1.51548   -0.99505    0.00653    0.00812    0.06547    0.01366    0.08123    0.22869    0.78103
345     M110Ab             0.04126    0.38778   -1.61026    0.14824    1.55780    1.11064   -0.90229    0.00496    0.00617    0.04544    0.00841    0.10876    0.20735    0.77484
346     M21A               0.05172    0.38057   -1.49682    0.14479    1.52858    1.17058   -1.26410    0.00480    0.00584    0.04281    0.00778    0.07938    0.23990    0.90100
347     M21B               0.05089    0.38404   -1.52972    0.14013    1.47104    1.13269   -1.23090    0.00466    0.00624    0.04005    0.00713    0.10131    0.23161    0.89456
348     M21B2              0.04255    0.38461   -1.45713    0.15445    1.65960    1.30229   -1.13569    0.00563    0.00639    0.04264    0.00893    0.07601    0.22623    0.83962
349     M21Cr              0.05089    0.38404   -1.52972    0.14013    1.47104    1.13269   -1.23090    0.00466    0.00624    0.04005    0.00713    0.10131    0.23161    0.89456
350     M23A               0.04299    0.38305   -1.41139    0.22141    1.95699    1.45512   -0.93178    0.00500    0.00626    0.04468    0.01264    0.06015    0.23805    0.66419
351     M23B               0.04299    0.38305   -1.41139    0.22141    1.95699    1.45512   -0.93178    0.00500    0.00626    0.04468    0.01264    0.06015    0.23805    0.66419
352     M23B               0.04878    0.37858   -1.46237    0.20863    1.89031    1.32215   -0.97698    0.00465    0.00568    0.03671    0.01234    0.07125    0.23974    0.67629
353     M23BC              0.04299    0.38305   -1.41139    0.22141    1.95699    1.45512   -0.93178    0.00500    0.00626    0.04468    0.01264    0.06015    0.23805    0.66419
354     M23R              -9.90000   -9.90000   -9.90000   -9.90000   -9.90000   -9.90000   -9.90000   -9.90000   -9.90000   -9.90000   -9.90000   -9.90000   -9.90000   -9.90000
355     M25A               0.03310    0.39163   -1.40917    0.16124    1.79979    1.44489   -1.04033    0.00678    0.00910    0.06255    0.01213    0.10055    0.21690    0.83743
356     M25AB              0.03914    0.38603   -1.40008    0.18050    1.81373    1.44336   -1.02722    0.00606    0.00705    0.05436    0.01221    0.06760    0.22955    0.77168
357     M25B               0.03310    0.39163   -1.40917    0.16124    1.79979    1.44489   -1.04033    0.00678    0.00910    0.06255    0.01213    0.10055    0.21690    0.83743
358     M25B2              0.03177    0.39692   -1.59775    0.15169    1.74937    1.20772   -0.76110    0.00681    0.01020    0.05731    0.01061    0.16862    0.19446    0.75034
359     M25C               0.03914    0.38603   -1.40008    0.18050    1.81373    1.44336   -1.02722    0.00606    0.00705    0.05436    0.01221    0.06760    0.22955    0.77168
360     M26A               0.03310    0.39163   -1.40917    0.16124    1.79979    1.44489   -1.04033    0.00678    0.00910    0.06255    0.01213    0.10055    0.21690    0.83743
361     M26B               0.03538    0.38939   -1.37277    0.18511    1.86188    1.51548   -0.99505    0.00653    0.00812    0.06547    0.01366    0.08123    0.22869    0.78103
362     M26Ab              0.04255    0.38461   -1.45713    0.15445    1.65960    1.30229   -1.13569    0.00563    0.00639    0.04264    0.00893    0.07601    0.22623    0.83962
363     M26C               0.03913    0.38643   -1.37775    0.22962    1.99285    1.54204   -0.90539    0.00548    0.00685    0.05643    0.01367    0.07938    0.24006    0.67399
364     M26Ab2             0.05836    0.39891   -1.91916    0.16651    1.04712    0.62773   -0.40940    0.00411    0.00563    0.05421    0.01021    0.16377    0.20841    0.80731
365     M27A               0.03177    0.39692   -1.59775    0.15169    1.74937    1.20772   -0.76110    0.00681    0.01020    0.05731    0.01061    0.16862    0.19446    0.75034
366     M27Bw              0.03913    0.38643   -1.37775    0.22962    1.99285    1.54204   -0.90539    0.00548    0.00685    0.05643    0.01367    0.07938    0.24006    0.67399
367     M27Ab              0.03914    0.38603   -1.40008    0.18050    1.81373    1.44336   -1.02722    0.00606    0.00705    0.05436    0.01221    0.06760    0.22955    0.77168
368     M27C               0.03913    0.38643   -1.37775    0.22962    1.99285    1.54204   -0.90539    0.00548    0.00685    0.05643    0.01367    0.07938    0.24006    0.67399
369     M28A               0.03538    0.38939   -1.37277    0.18511    1.86188    1.51548   -0.99505    0.00653    0.00812    0.06547    0.01366    0.08123    0.22869    0.78103
370     M28B               0.03533    0.39060   -1.34350    0.23767    2.03494    1.62919   -0.88237    0.00604    0.00872    0.07035    0.01631    0.10637    0.24423    0.69549
371     M28BC              0.03171    0.39395   -1.34345    0.18960    1.91978    1.59140   -0.96529    0.00693    0.01088    0.07731    0.01600    0.11748    0.22979    0.80382
372     M28Ab              0.03543    0.39162   -1.60648    0.15047    1.66954    1.16249   -0.81371    0.00598    0.00848    0.05125    0.00955    0.13087    0.19948    0.75437
373     M29A               0.03913    0.38643   -1.37775    0.22962    1.99285    1.54204   -0.90539    0.00548    0.00685    0.05643    0.01367    0.07938    0.24006    0.67399
374     M29B               0.03685    0.38803   -1.43034    0.15878    1.73649    1.38466   -1.07495    0.00638    0.00718    0.05334    0.01047    0.07782    0.22001    0.82996
375     M29B2              0.04299    0.38305   -1.41139    0.22141    1.95699    1.45512   -0.93178    0.00500    0.00626    0.04468    0.01264    0.06015    0.23805    0.66419
376     M210A              0.03538    0.38939   -1.37277    0.18511    1.86188    1.51548   -0.99505    0.00653    0.00812    0.06547    0.01366    0.08123    0.22869    0.78103
377     M210B              0.03533    0.39060   -1.34350    0.23767    2.03494    1.62919   -0.88237    0.00604    0.00872    0.07035    0.01631    0.10637    0.24423    0.69549
378     M210B2             0.03171    0.39395   -1.34345    0.18960    1.91978    1.59140   -0.96529    0.00693    0.01088    0.07731    0.01600    0.11748    0.22979    0.80382
379     M210B3             0.03171    0.39395   -1.34345    0.18960    1.91978    1.59140   -0.96529    0.00693    0.01088    0.07731    0.01600    0.11748    0.22979    0.80382
380     M210B4             0.03171    0.39395   -1.34345    0.18960    1.91978    1.59140   -0.96529    0.00693    0.01088    0.07731    0.01600    0.11748    0.22979    0.80382
381     M210B5             0.03310    0.39163   -1.40917    0.16124    1.79979    1.44489   -1.04033    0.00678    0.00910    0.06255    0.01213    0.10055    0.21690    0.83743
382     M31A               0.03219    0.40127   -1.73940    0.15957    1.69067    1.04062   -0.44122    0.00665    0.00958    0.06269    0.00962    0.20488    0.18709    0.69003
383     M31B               0.03177    0.39692   -1.59775    0.15169    1.74937    1.20772   -0.76110    0.00681    0.01020    0.05731    0.01061    0.16862    0.19446    0.75034
384     M31B2              0.03171    0.39395   -1.34345    0.18960    1.91978    1.59140   -0.96529    0.00693    0.01088    0.07731    0.01600    0.11748    0.22979    0.80382
385     M31B3              0.03310    0.39163   -1.40917    0.16124    1.79979    1.44489   -1.04033    0.00678    0.00910    0.06255    0.01213    0.10055    0.21690    0.83743
386     M31B4              0.03171    0.39395   -1.34345    0.18960    1.91978    1.59140   -0.96529    0.00693    0.01088    0.07731    0.01600    0.11748    0.22979    0.80382
387     M32A               0.03543    0.39162   -1.60648    0.15047    1.66954    1.16249   -0.81371    0.00598    0.00848    0.05125    0.00955    0.13087    0.19948    0.75437
388     M32B               0.03570    0.38962   -1.50073    0.15002    1.69928    1.29009   -1.00946    0.00615    0.00761    0.04792    0.00955    0.10432    0.20985    0.81806
389     M32B2              0.03685    0.38803   -1.43034    0.15878    1.73649    1.38466   -1.07495    0.00638    0.00718    0.05334    0.01047    0.07782    0.22001    0.82996
390     M32C               0.03913    0.38643   -1.37775    0.22962    1.99285    1.54204   -0.90539    0.00548    0.00685    0.05643    0.01367    0.07938    0.24006    0.67399
391     M33A               0.03196    0.39385   -1.48568    0.15145    1.77465    1.34179   -0.96978    0.00678    0.01009    0.05574    0.01116    0.14183    0.20534    0.82054
392     M33B               0.03196    0.39385   -1.48568    0.15145    1.77465    1.34179   -0.96978    0.00678    0.01009    0.05574    0.01116    0.14183    0.20534    0.82054
393     M33Bw              0.03310    0.39163   -1.40917    0.16124    1.79979    1.44489   -1.04033    0.00678    0.00910    0.06255    0.01213    0.10055    0.21690    0.83743
394     M33C               0.03538    0.38939   -1.37277    0.18511    1.86188    1.51548   -0.99505    0.00653    0.00812    0.06547    0.01366    0.08123    0.22869    0.78103
395     M35A               0.04556    0.38890   -1.72341    0.15318    1.43098    0.94460   -0.71387    0.00423    0.00625    0.05620    0.00920    0.10855    0.20349    0.73179
396     M35B               0.03280    0.40699   -1.90301    0.17346    1.68867    0.84450   -0.05691    0.00610    0.00964    0.05935    0.00851    0.25853    0.19595    0.76192
397     M35C               0.03171    0.39395   -1.34345    0.18960    1.91978    1.59140   -0.96529    0.00693    0.01088    0.07731    0.01600    0.11748    0.22979    0.80382
398     M35C2              0.02950    0.39697   -1.38464    0.16363    1.87182    1.51170   -1.00825    0.00730    0.01273    0.07300    0.01437    0.15939    0.21502    0.85707
399     M37A               0.04463    0.38235   -1.41805    0.30157    2.20986    1.48887   -0.84449    0.00367    0.00521    0.04023    0.01103    0.06876    0.24312    0.57812
400     M37Bw              0.03310    0.39163   -1.40917    0.16124    1.79979    1.44489   -1.04033    0.00678    0.00910    0.06255    0.01213    0.10055    0.21690    0.83743
401     M37B               0.03538    0.38939   -1.37277    0.18511    1.86188    1.51548   -0.99505    0.00653    0.00812    0.06547    0.01366    0.08123    0.22869    0.78103
402     M37Ab              0.03913    0.38643   -1.37775    0.22962    1.99285    1.54204   -0.90539    0.00548    0.00685    0.05643    0.01367    0.07938    0.24006    0.67399
403     M38A               0.03586    0.39484   -1.74165    0.15809    1.60841    1.00132   -0.51438    0.00586    0.00852    0.06072    0.00924    0.14736    0.19119    0.69212
404     M38B               0.03177    0.39692   -1.59775    0.15169    1.74937    1.20772   -0.76110    0.00681    0.01020    0.05731    0.01061    0.16862    0.19446    0.75034
405     M38B2              0.04255    0.38461   -1.45713    0.15445    1.65960    1.30229   -1.13569    0.00563    0.00639    0.04264    0.00893    0.07601    0.22623    0.83962
406     M38B3              0.04126    0.38778   -1.61026    0.14824    1.55780    1.11064   -0.90229    0.00496    0.00617    0.04544    0.00841    0.10876    0.20735    0.77484
407     M38B4              0.05146    0.38972   -1.70044    0.14887    1.34114    0.93102   -0.84707    0.00417    0.00565    0.05236    0.00898    0.10367    0.21110    0.77365
408     M38B5              0.04151    0.38631   -1.51581    0.14731    1.60222    1.22501   -1.07964    0.00546    0.00588    0.03967    0.00793    0.09515    0.21726    0.83171
409     M42A               0.02835    0.40485   -1.58359    0.15285    1.83020    1.26314   -0.71191    0.00774    0.01352    0.06802    0.01217    0.22879    0.19027    0.75891
410     M42B               0.02848    0.40044   -1.46628    0.15290    1.85545    1.40211   -0.93245    0.00754    0.01358    0.06657    0.01313    0.20182    0.20157    0.83398
411     M42B2              0.03310    0.39163   -1.40917    0.16124    1.79979    1.44489   -1.04033    0.00678    0.00910    0.06255    0.01213    0.10055    0.21690    0.83743
412     M42C               0.02950    0.39697   -1.38464    0.16363    1.87182    1.51170   -1.00825    0.00730    0.01273    0.07300    0.01437    0.15939    0.21502    0.85707
413     M42Ab              0.03196    0.39385   -1.48568    0.15145    1.77465    1.34179   -0.96978    0.00678    0.01009    0.05574    0.01116    0.14183    0.20534    0.82054
414     M42C2              0.02950    0.39697   -1.38464    0.16363    1.87182    1.51170   -1.00825    0.00730    0.01273    0.07300    0.01437    0.15939    0.21502    0.85707
415     M42Ab2             0.03280    0.40699   -1.90301    0.17346    1.68867    0.84450   -0.05691    0.00610    0.00964    0.05935    0.00851    0.25853    0.19595    0.76192
416     M43A               0.03310    0.39163   -1.40917    0.16124    1.79979    1.44489   -1.04033    0.00678    0.00910    0.06255    0.01213    0.10055    0.21690    0.83743
417     M43B               0.03310    0.39163   -1.40917    0.16124    1.79979    1.44489   -1.04033    0.00678    0.00910    0.06255    0.01213    0.10055    0.21690    0.83743
418     M43B2              0.03685    0.38803   -1.43034    0.15878    1.73649    1.38466   -1.07495    0.00638    0.00718    0.05334    0.01047    0.07782    0.22001    0.82996
419     M43B3              0.03310    0.39163   -1.40917    0.16124    1.79979    1.44489   -1.04033    0.00678    0.00910    0.06255    0.01213    0.10055    0.21690    0.83743
420     M43Bk              0.06125    0.39696   -1.75775    0.14858    1.12911    0.79986   -0.82729    0.00503    0.00690    0.05909    0.00937    0.10298    0.21448    0.80953
421     M43Btk             0.06764    0.41130   -1.94694    0.16527    0.88942    0.54324   -0.41961    0.00535    0.00710    0.06088    0.00926    0.20827    0.21455    0.87780
422     M44A               0.03196    0.39385   -1.48568    0.15145    1.77465    1.34179   -0.96978    0.00678    0.01009    0.05574    0.01116    0.14183    0.20534    0.82054
423     M44B               0.03177    0.39692   -1.59775    0.15169    1.74937    1.20772   -0.76110    0.00681    0.01020    0.05731    0.01061    0.16862    0.19446    0.75034
424     M44CB              0.03171    0.39395   -1.34345    0.18960    1.91978    1.59140   -0.96529    0.00693    0.01088    0.07731    0.01600    0.11748    0.22979    0.80382
425     M44C               0.03533    0.39060   -1.34350    0.23767    2.03494    1.62919   -0.88237    0.00604    0.00872    0.07035    0.01631    0.10637    0.24423    0.69549
426     M45A               0.04481    0.38217   -1.43898    0.17306    1.75189    1.33796   -1.08158    0.00533    0.00644    0.04220    0.01109    0.06477    0.23379    0.78153
427     M45B               0.03913    0.38643   -1.37775    0.22962    1.99285    1.54204   -0.90539    0.00548    0.00685    0.05643    0.01367    0.07938    0.24006    0.67399
428     M45C               0.03914    0.38603   -1.40008    0.18050    1.81373    1.44336   -1.02722    0.00606    0.00705    0.05436    0.01221    0.06760    0.22955    0.77168
429     M46A               0.02950    0.39697   -1.38464    0.16363    1.87182    1.51170   -1.00825    0.00730    0.01273    0.07300    0.01437    0.15939    0.21502    0.85707
430     M46B               0.02848    0.40044   -1.46628    0.15290    1.85545    1.40211   -0.93245    0.00754    0.01358    0.06657    0.01313    0.20182    0.20157    0.83398
431     M46Bt              0.05940    0.38703   -1.58428    0.13202    1.27392    1.00079   -1.30180    0.00518    0.00639    0.04658    0.00761    0.10439    0.23719    0.94460
432     M46CB              0.05601    0.38279   -1.53733    0.13409    1.38229    1.07815   -1.34146    0.00483    0.00598    0.04577    0.00712    0.09544    0.24109    0.95094
433     M46R              -9.90000   -9.90000   -9.90000   -9.90000   -9.90000   -9.90000   -9.90000   -9.90000   -9.90000   -9.90000   -9.90000   -9.90000   -9.90000   -9.90000
434     M47A               0.03280    0.40699   -1.90301    0.17346    1.68867    0.84450   -0.05691    0.00610    0.00964    0.05935    0.00851    0.25853    0.19595    0.76192
435     M47B               0.03219    0.40127   -1.73940    0.15957    1.69067    1.04062   -0.44122    0.00665    0.00958    0.06269    0.00962    0.20488    0.18709    0.69003
436     M47C               0.05146    0.38972   -1.70044    0.14887    1.34114    0.93102   -0.84707    0.00417    0.00565    0.05236    0.00898    0.10367    0.21110    0.77365
437     M47Cr              0.03171    0.39395   -1.34345    0.18960    1.91978    1.59140   -0.96529    0.00693    0.01088    0.07731    0.01600    0.11748    0.22979    0.80382
438     M47R              -9.90000   -9.90000   -9.90000   -9.90000   -9.90000   -9.90000   -9.90000   -9.90000   -9.90000   -9.90000   -9.90000   -9.90000   -9.90000   -9.90000
439     M49Ap              0.06979    0.40736   -1.78988    0.14560    0.92171    0.70991   -0.84020    0.00596    0.00749    0.06093    0.00863    0.12823    0.21907    0.86761
440     M49Ap              0.06979    0.40736   -1.78988    0.14560    0.92171    0.70991   -0.84020    0.00596    0.00749    0.06093    0.00863    0.12823    0.21907    0.86761
441     M49B               0.05781    0.39513   -1.78572    0.15346    1.17379    0.78896   -0.71667    0.00452    0.00617    0.05981    0.00973    0.09963    0.20991    0.77707
442     M49Cr              0.03586    0.39484   -1.74165    0.15809    1.60841    1.00132   -0.51438    0.00586    0.00852    0.06072    0.00924    0.14736    0.19119    0.69212
443     M49R              -9.90000   -9.90000   -9.90000   -9.90000   -9.90000   -9.90000   -9.90000   -9.90000   -9.90000   -9.90000   -9.90000   -9.90000   -9.90000   -9.90000