Code	Comment	Sand	Silt	Clay	Bulkdensity	Theta33	Theta1500
Id	pedon_horizon	%	%	%	gr/cm3	cm3/cm3	cm3/cm3
1	CLHS01PA	95	2	3	-9.9	-9.9	-9.9
2	CLHS01PAB	95	3	2	-9.9	-9.9	-9.9
3	CLHS01PR	-9.9	-9.9	-9.9	-9.9	-9.9	-9.9
4	CLHS02PA	75	15	10	-9.9	-9.9	-9.9
5	CLHS02PBk1	80	14	6	-9.9	-9.9	-9.9
6	CLHS02PBk2	85	10	5	-9.9	-9.9	-9.9
7	CLHS03PA	80	10	10	-9.9	-9.9	-9.9
8	CLHS03PBw	85	11	4	-9.9	-9.9	-9.9
9	CLHS03PBk1	85	9	6	-9.9	-9.9	-9.9
10	CLHS03PBk2	85	10	5	-9.9	-9.9	-9.9
11	CLHS03PBk3	85	9	6	-9.9	-9.9	-9.9
12	CLHS04PA	85	9	6	-9.9	-9.9	-9.9
13	CLHS04PBk1	85	7	8	-9.9	-9.9	-9.9
14	CLHS04PBk2	85	7	8	-9.9	-9.9	-9.9
15	CLHS04PR	-9.9	-9.9	-9.9	-9.9	-9.9	-9.9
16	CLHS05PA	85	7	8	-9.9	-9.9	-9.9
17	CLHS05PBk	80	10	10	-9.9	-9.9	-9.9
18	CLHS05PC	85	7	8	-9.9	-9.9	-9.9
19	CLHS05PR	-9.9	-9.9	-9.9	-9.9	-9.9	-9.9
20	CLHS06PA	80	12	8	-9.9	-9.9	-9.9
21	CLHS06PBk1	85	8	7	-9.9	-9.9	-9.9
22	CLHS06PBk2	85	10	5	-9.9	-9.9	-9.9
23	CLHS06PBk3	75	15	10	-9.9	-9.9	-9.9
24	CLHS06PBk4	80	11	9	-9.9	-9.9	-9.9
25	CLHS06PBk5	80	11	9	-9.9	-9.9	-9.9
26	CLHS06PBk6	50	29	21	-9.9	-9.9	-9.9
27	CLHS07PA	85	7	8	-9.9	-9.9	-9.9
28	CLHS07PC	85	7	8	-9.9	-9.9	-9.9
29	CLHS07PR	-9.9	-9.9	-9.9	-9.9	-9.9	-9.9
30	CLHS08PA	85	9	6	-9.9	-9.9	-9.9
31	CLHS08PBk1	85	9	6	-9.9	-9.9	-9.9
32	CLHS08PBk2	85	11	4	-9.9	-9.9	-9.9
33	CLHS08PBk3	80	13	7	-9.9	-9.9	-9.9
34	CLHS09PA	85	10	5	-9.9	-9.9	-9.9
35	CLHS09PBk	70	20	10	-9.9	-9.9	-9.9
36	CLHS09PC	70	15	15	-9.9	-9.9	-9.9
37	CLHS09PR	-9.9	-9.9	-9.9	-9.9	-9.9	-9.9
38	CLHS10PA	85	10	5	-9.9	-9.9	-9.9
39	CLHS10PBk	75	15	10	-9.9	-9.9	-9.9
40	CLHS10PC	87	9	4	-9.9	-9.9	-9.9
41	CLHS10PR	-9.9	-9.9	-9.9	-9.9	-9.9	-9.9
42	CLHS11PA	85	7	8	-9.9	-9.9	-9.9
43	CLHS11PBk1	85	9	6	-9.9	-9.9	-9.9
44	CLHS11PBk2	85	9	6	-9.9	-9.9	-9.9
45	CLHS11PBk3	75	17	8	-9.9	-9.9	-9.9
46	CLHS12PA	85	10	5	-9.9	-9.9	-9.9
47	CLHS12PC1	75	15	10	-9.9	-9.9	-9.9
48	CLHS12PC2	75	15	10	-9.9	-9.9	-9.9
49	CLHS12PR	-9.9	-9.9	-9.9	-9.9	-9.9	-9.9
50	CLHS13PA	75	15	10	-9.9	-9.9	-9.9
51	CLHS13PBk1	75	17	8	-9.9	-9.9	-9.9
52	CLHS13PBk2	80	13	7	-9.9	-9.9	-9.9
53	CLHS13PBw1	90	6	4	-9.9	-9.9	-9.9
54	CLHS13PBw2	90	4	6	-9.9	-9.9	-9.9
55	CLHS14PA	80	14	6	-9.9	-9.9	-9.9
56	CLHS14PBk1	85	7	8	-9.9	-9.9	-9.9
57	CLHS14PBk2	70	24	6	-9.9	-9.9	-9.9
58	CLHS14PR	-9.9	-9.9	-9.9	-9.9	-9.9	-9.9
59	CLHS15PA	80	14	6	-9.9	-9.9	-9.9
60	CLHS15PBk1	80	12	8	-9.9	-9.9	-9.9
61	CLHS15PBk2	75	15	10	-9.9	-9.9	-9.9
62	CLHS15PBk3	70	20	10	-9.9	-9.9	-9.9
63	CLHS15PR	-9.9	-9.9	-9.9	-9.9	-9.9	-9.9
64	CLHS16PA	85	9	6	-9.9	-9.9	-9.9
65	CLHS16PBk	80	12	8	-9.9	-9.9	-9.9
66	CLHS16PR	-9.9	-9.9	-9.9	-9.9	-9.9	-9.9
67	CLHS17PA	85	8	7	-9.9	-9.9	-9.9
68	CLHS17PBk1	80	12	8	-9.9	-9.9	-9.9
69	CLHS17PBk2	75	15	10	-9.9	-9.9	-9.9
70	CLHS17PR	-9.9	-9.9	-9.9	-9.9	-9.9	-9.9
71	CLHS18PA	85	9	6	-9.9	-9.9	-9.9
72	CLHS18PR	-9.9	-9.9	-9.9	-9.9	-9.9	-9.9
73	CLHS19PA	75	15	10	-9.9	-9.9	-9.9
74	CLHS19PABw	75	15	10	-9.9	-9.9	-9.9
75	CLHS19PBw	75	15	10	-9.9	-9.9	-9.9
76	CLHS19PBk	76	14	10	-9.9	-9.9	-9.9
77	CLHS19PBkk	77	14	9	-9.9	-9.9	-9.9
78	CLHS19PBk	77	14	9	-9.9	-9.9	-9.9
79	CLHS19PBkk	75	13	12	-9.9	-9.9	-9.9
80	CLHS20PA	60	30	10	-9.9	-9.9	-9.9
81	CLHS20PBA	45	40	15	-9.9	-9.9	-9.9
82	CLHS20PBk	50	32	18	-9.9	-9.9	-9.9
83	CLHS20PCrBk	42	40	18	-9.9	-9.9	-9.9
84	CLHS20PCr	-9.9	-9.9	-9.9	-9.9	-9.9	-9.9
85	CLHS20PR	-9.9	-9.9	-9.9	-9.9	-9.9	-9.9
86	CLHS21PA	85	7	8	-9.9	-9.9	-9.9
87	CLHS21PBk1	80	10	10	-9.9	-9.9	-9.9
88	CLHS21PBk2	85	10	5	-9.9	-9.9	-9.9
89	CLHS21PBk3	88	8	4	-9.9	-9.9	-9.9
90	CLHS22PA	82	9	9	-9.9	-9.9	-9.9
91	CLHS22PAB	70	15	15	-9.9	-9.9	-9.9
92	CLHS22PNA	76	12	12	-9.9	-9.9	-9.9
93	CLHS22PBk	78	11	11	-9.9	-9.9	-9.9
94	CLHS22PBkk	75	12	13	-9.9	-9.9	-9.9
95	CLHS22PNA	65	20	15	-9.9	-9.9	-9.9
96	CLHS23PA	75	13	12	-9.9	-9.9	-9.9
97	CLHS23PBA	85	7	8	-9.9	-9.9	-9.9
98	CLHS23PBW1	60	30	10	-9.9	-9.9	-9.9
99	CLHS23PBW2	70	16	14	-9.9	-9.9	-9.9
100	CLHS23PBK	60	25	15	-9.9	-9.9	-9.9
101	CLHS23PR	-9.9	-9.9	-9.9	-9.9	-9.9	-9.9
102	 CLHS24PA	72	16	12	-9.9	-9.9	-9.9
103	 CLHS24PABw	75	14	11	-9.9	-9.9	-9.9
104	 CLHS24PBk	72	16	12	-9.9	-9.9	-9.9
105	 CLHS24PBkk	70	15	15	-9.9	-9.9	-9.9
106	CLHS25PA	76	15	9	-9.9	-9.9	-9.9
107	CLHS25PBw	75	17	8	-9.9	-9.9	-9.9
108	CLHS25PBk1	74	16	10	-9.9	-9.9	-9.9
109	CLHS25PBk2	82	11	7	-9.9	-9.9	-9.9
110	CLHS26PA	80	15	5	-9.9	-9.9	-9.9
111	CLHS26PBw1	80	15	5	-9.9	-9.9	-9.9
112	CLHS26PBw2	75	15	10	-9.9	-9.9	-9.9
113	CLHS26PR	-9.9	-9.9	-9.9	-9.9	-9.9	-9.9
114	CLHS27PA	85	9	6	-9.9	-9.9	-9.9
115	CLHS27PBw1	80	14	6	-9.9	-9.9	-9.9
116	CLHS27PBw2	80	12	8	-9.9	-9.9	-9.9
117	CLHS27PBw3	80	10	10	-9.9	-9.9	-9.9
118	CLHS28PA	85	10	5	-9.9	-9.9	-9.9
119	CLHS28PBk1	95	1	4	-9.9	-9.9	-9.9
120	CLHS28PC	95	2	3	-9.9	-9.9	-9.9
121	CLHS28PR	-9.9	-9.9	-9.9	-9.9	-9.9	-9.9
122	CLHS29PA	80	13	7	-9.9	-9.9	-9.9
123	CLHS29PBw	90	5	5	-9.9	-9.9	-9.9
124	CLHS29PBk1	80	12	8	-9.9	-9.9	-9.9
125	CLHS29PBk2	80	12	8	-9.9	-9.9	-9.9
126	CLHS30PA	90	6	4	-9.9	-9.9	-9.9
127	CLHS30PBw1	90	5	5	-9.9	-9.9	-9.9
128	CLHS30PBw2	90	5	5	-9.9	-9.9	-9.9
129	CLHS30PBw3	90	7	3	-9.9	-9.9	-9.9
130	CLHS31PA	75	17	8	-9.9	-9.9	-9.9
131	CLHS31PC	80	12	8	-9.9	-9.9	-9.9
132	CLHS31PR	-9.9	-9.9	-9.9	-9.9	-9.9	-9.9
133	CLHS32PA	75	17	8	-9.9	-9.9	-9.9
134	CLHS32PBw1	70	15	15	-9.9	-9.9	-9.9
135	CLHS32PBw2	90	6	4	-9.9	-9.9	-9.9
136	CLHS32PR	-9.9	-9.9	-9.9	-9.9	-9.9	-9.9
137	CLHS33PA	85	9	6	-9.9	-9.9	-9.9
138	CLHS33PBw1	75	15	10	-9.9	-9.9	-9.9
139	CLHS33PBw2	80	13	7	-9.9	-9.9	-9.9
140	CLHS33PBw3	80	13	7	-9.9	-9.9	-9.9
141	CLHS33PR	-9.9	-9.9	-9.9	-9.9	-9.9	-9.9
142	CLHS34PA	80	15	5	-9.9	-9.9	-9.9
143	CLHS34PBw	85	10	5	-9.9	-9.9	-9.9
144	CLHS34PR	-9.9	-9.9	-9.9	-9.9	-9.9	-9.9
145	CLHS35PA	85	11	4	-9.9	-9.9	-9.9
146	CLHS35PBk1	85	9	6	-9.9	-9.9	-9.9
147	CLHS35PC	85	5	10	-9.9	-9.9	-9.9
148	CLHS35PR	-9.9	-9.9	-9.9	-9.9	-9.9	-9.9
149	CLHS36PA	80	15	5	-9.9	-9.9	-9.9
150	CLHS36PBk1	85	8	7	-9.9	-9.9	-9.9
151	CLHS36PBk2	85	10	5	-9.9	-9.9	-9.9
152	CLHS36PBk3	80	12	8	-9.9	-9.9	-9.9
153	CLHS37PA	85	11	4	-9.9	-9.9	-9.9
154	CLHS37PC	85	11	4	-9.9	-9.9	-9.9
155	CLHS37PR	-9.9	-9.9	-9.9	-9.9	-9.9	-9.9
156	CLHS38PA	72	17	11	-9.9	-9.9	-9.9
157	CLHS38PAB	75	17	8	-9.9	-9.9	-9.9
158	CLHS38PBk	77	14	9	-9.9	-9.9	-9.9
159	CLHS38PR	-9.9	-9.9	-9.9	-9.9	-9.9	-9.9
160	CLHS39PA	80	14	6	-9.9	-9.9	-9.9
161	CLHS39PBw	85	5	10	-9.9	-9.9	-9.9
162	CLHS39PR	-9.9	-9.9	-9.9	-9.9	-9.9	-9.9
163	CLHS40PA	72	16	12	-9.9	-9.9	-9.9
164	CLHS40PBA	67	18	15	-9.9	-9.9	-9.9
165	CLHS40PBk	74	16	10	-9.9	-9.9	-9.9
166	CLHS40PBkk	80	10	10	-9.9	-9.9	-9.9
167	CLHS40PCr	-9.9	-9.9	-9.9	-9.9	-9.9	-9.9
168	CLHS41PA	85	10	5	-9.9	-9.9	-9.9
169	CLHS41PBw1	80	12	8	-9.9	-9.9	-9.9
170	CLHS41PBw2	75	15	10	-9.9	-9.9	-9.9
171	CLHS41PBk	75	15	10	-9.9	-9.9	-9.9
172	CLHS42PA	77	14	9	-9.9	-9.9	-9.9
173	CLHS42PABk	70	17	13	-9.9	-9.9	-9.9
174	CLHS42PCr	85	9	6	-9.9	-9.9	-9.9
175	CLHS43PA	70	18	12	-9.9	-9.9	-9.9
176	CLHS43PBt	56	25	19	-9.9	-9.9	-9.9
177	CLHS43PBk	60	21	19	-9.9	-9.9	-9.9
178	CLHS43PBkk	67	17	16	-9.9	-9.9	-9.9
179	CLHS43PBkC	76	15	9	-9.9	-9.9	-9.9
180	CLHS44PA	80	15	5	-9.9	-9.9	-9.9
181	CLHS44PBw	85	6	9	-9.9	-9.9	-9.9
182	CLHS44PBk	85	8	7	-9.9	-9.9	-9.9
183	CLHS44PC	85	11	4	-9.9	-9.9	-9.9
184	CLHS45PA	85	11	4	-9.9	-9.9	-9.9
185	CLHS45PBw1	90	6	4	-9.9	-9.9	-9.9
186	CLHS45PBw2	95	2	3	-9.9	-9.9	-9.9
187	CLHS45PBw3	90	6	4	-9.9	-9.9	-9.9
188	CLHS46PA	75	19	6	-9.9	-9.9	-9.9
189	CLHS46PBk1	85	10	5	-9.9	-9.9	-9.9
190	CLHS46PBk2	85	11	4	-9.9	-9.9	-9.9
191	CLHS46PC1	90	6	4	-9.9	-9.9	-9.9
192	CLHS46PC2	97	0	3	-9.9	-9.9	-9.9
193	CLHS46PC3	97	0	3	-9.9	-9.9	-9.9
194	CLHS47PA	75	18	7	-9.9	-9.9	-9.9
195	CLHS47PBw1	75	17	8	-9.9	-9.9	-9.9
196	CLHS47PBw2	75	17	8	-9.9	-9.9	-9.9
197	CLHS47PBw3	75	14	11	-9.9	-9.9	-9.9
198	CLHS47PBw4	70	15	15	-9.9	-9.9	-9.9
199	CLHS47PBw5	80	14	6	-9.9	-9.9	-9.9
200	CLHS48PA	75	21	4	-9.9	-9.9	-9.9
201	CLHS48PBw1	80	11	9	-9.9	-9.9	-9.9
202	CLHS48PBw2	85	8	7	-9.9	-9.9	-9.9
203	CLHS48PR	-9.9	-9.9	-9.9	-9.9	-9.9	-9.9
204	CLHS49PA	85	9	6	-9.9	-9.9	-9.9
205	CLHS49PBk1	80	15	5	-9.9	-9.9	-9.9
206	CLHS49PBk2	78	14	8	-9.9	-9.9	-9.9
207	CLHS49PBw	90	5	5	-9.9	-9.9	-9.9
208	CLHS50PA	85	8	7	-9.9	-9.9	-9.9
209	CLHS50PBw	85	5	10	-9.9	-9.9	-9.9
210	CLHS50PR	-9.9	-9.9	-9.9	-9.9	-9.9	-9.9
211	CLHS57PA	74	16	10	-9.9	-9.9	-9.9
212	CLHS57PAb	72	16	12	-9.9	-9.9	-9.9
213	CLHS57PBkk	75	16	9	-9.9	-9.9	-9.9
214	CLHS57PBk1	74	16	10	-9.9	-9.9	-9.9
215	CLHS57PBk2	74	16	10	-9.9	-9.9	-9.9
216	CLHS57PR	-9.9	-9.9	-9.9	-9.9	-9.9	-9.9
217	CLHS59PA	76	12	12	-9.9	-9.9	-9.9
218	CLHS59PBA	80	10	10	-9.9	-9.9	-9.9
219	CLHS59PBk	80	10	10	-9.9	-9.9	-9.9
220	CLHS59PBk	82	10	8	-9.9	-9.9	-9.9
221	CLHS60PA	74	17	9	-9.9	-9.9	-9.9
222	CLHS60PAB	72	19	9	-9.9	-9.9	-9.9
223	CLHS60PBk	75	17	8	-9.9	-9.9	-9.9
224	CLHS60PBtk	55	26	19	-9.9	-9.9	-9.9
225	CLHS61PA	75	17	8	-9.9	-9.9	-9.9
226	CLHS61PAB	73	17	10	-9.9	-9.9	-9.9
227	CLHS61PBk1	73	17	10	-9.9	-9.9	-9.9
228	CLHS61PBk2	74	17	9	-9.9	-9.9	-9.9
229	CLHS61PBk2	75	17	8	-9.9	-9.9	-9.9
230	CLHS67PA	73	17	10	-9.9	-9.9	-9.9
231	CLHS67PAB	70	18	12	-9.9	-9.9	-9.9
232	CLHS67PBA	72	18	10	-9.9	-9.9	-9.9
233	CLHS67PBk	76	15	9	-9.9	-9.9	-9.9
234	CLHS67PBw	78	16	6	-9.9	-9.9	-9.9
235	CLHS67PCr	74	16	10	-9.9	-9.9	-9.9
236	CLHS67PR	-9.9	-9.9	-9.9	-9.9	-9.9	-9.9
237	CLHS68PA	75	16	9	-9.9	-9.9	-9.9
238	CLHS68PBA	77	15	8	-9.9	-9.9	-9.9
239	CLHS68PBw	84	12	4	-9.9	-9.9	-9.9
240	CLHS73PA	74	15	11	-9.9	-9.9	-9.9
241	CLHS73PAB	68	19	13	-9.9	-9.9	-9.9
242	CLHS73PNA	73	16	11	-9.9	-9.9	-9.9
243	CLHS73PB	74	16	10	-9.9	-9.9	-9.9
244	CLHS73PCr	79	14	7	-9.9	-9.9	-9.9
245	CLHS77PA	75	16	9	-9.9	-9.9	-9.9
246	CLHS77PAB	72	16	12	-9.9	-9.9	-9.9
247	CLHS77PB	72	13	15	-9.9	-9.9	-9.9
248	CLHS77PBkk	75	12	13	-9.9	-9.9	-9.9
249	CLHS77PR	-9.9	-9.9	-9.9	-9.9	-9.9	-9.9
250	CLHS80PNA	76	14	10	-9.9	-9.9	-9.9
251	CLHS80PNA	75	14	11	-9.9	-9.9	-9.9
252	CLHS80PNA	73	14	13	-9.9	-9.9	-9.9
253	CLHS80PNA	72	14	14	-9.9	-9.9	-9.9
254	CLHS80PNA	70	18	12	-9.9	-9.9	-9.9
255	CLHS80PNA	75	16	9	-9.9	-9.9	-9.9
256	CLHS82PA	80	11	9	-9.9	-9.9	-9.9
257	CLHS82PBk	80	12	8	-9.9	-9.9	-9.9
258	CLHS82PCr	-9.9	-9.9	-9.9	-9.9	-9.9	-9.9
259	CLHS85PNA	76	14	10	-9.9	-9.9	-9.9
260	CLHS85PNA	73	15	12	-9.9	-9.9	-9.9
261	CLHS85PNA	75	15	10	-9.9	-9.9	-9.9
262	CLHS85PNA	75	15	10	-9.9	-9.9	-9.9
263	CLHS85PNA	76	15	9	-9.9	-9.9	-9.9
264	CLHS85PR	-9.9	-9.9	-9.9	-9.9	-9.9	-9.9
265	CLHS90PA	80	15	5	-9.9	-9.9	-9.9
266	CLHS90PBw	85	10	5	-9.9	-9.9	-9.9
267	CLHS90PR	-9.9	-9.9	-9.9	-9.9	-9.9	-9.9
268	CLHS97PA	80	11	9	-9.9	-9.9	-9.9
269	CLHS97PBwA	78	12	10	-9.9	-9.9	-9.9
270	CLHS97PBk	75	15	10	-9.9	-9.9	-9.9
271	CLHS97PBk	77	14	9	-9.9	-9.9	-9.9
272	CLHS97PR	-9.9	-9.9	-9.9	-9.9	-9.9	-9.9
273	CLHS98PA	74	17	9	-9.9	-9.9	-9.9
274	CLHS98PABtABw	64	19	17	-9.9	-9.9	-9.9
275	CLHS98PBk	68	17	15	-9.9	-9.9	-9.9
276	CLHS98PBk	70	17	13	-9.9	-9.9	-9.9
277	CLHS98PBCk	75	16	9	-9.9	-9.9	-9.9
278	CLHS100PNA	76	15	9	-9.9	-9.9	-9.9
279	CLHS100PNA	70	20	10	-9.9	-9.9	-9.9
280	CLHS100PNA	70	18	12	-9.9	-9.9	-9.9
281	CLHS100PNA	76	9	15	-9.9	-9.9	-9.9
282	Miller12PA	85	7	8	-9.9	-9.9	-9.9
283	Miller12PBw	75	16	9	-9.9	-9.9	-9.9
284	Miller12PBk1	77	14	9	-9.9	-9.9	-9.9
285	Miller12PBk2	85	8	7	-9.9	-9.9	-9.9
286	Miller12PBk3	75	16	9	-9.9	-9.9	-9.9
287	Miller15PA	76	16	8	-9.9	-9.9	-9.9
288	Miller15PNA	75	16	9	-9.9	-9.9	-9.9
289	Miller15PBk	70	18	12	-9.9	-9.9	-9.9
290	Miller16PA	85	10	5	-9.9	-9.9	-9.9
291	Miller16PBk1	75	15	10	-9.9	-9.9	-9.9
292	Miller16PBk2	80	12	8	-9.9	-9.9	-9.9
293	Miller16PBk3	70	18	12	-9.9	-9.9	-9.9
294	Miller16PBk4	75	15	10	-9.9	-9.9	-9.9
295	Miller16PBk5	80	14	6	-9.9	-9.9	-9.9
296	Miller17PA	76	16	8	-9.9	-9.9	-9.9
297	Miller17PBk	76	16	8	-9.9	-9.9	-9.9
298	Miller17PBk	65	23	12	-9.9	-9.9	-9.9
299	Miller19PA	75	16	9	-9.9	-9.9	-9.9
300	Miller19PAB	75	15	10	-9.9	-9.9	-9.9
301	Miller19PBk	75	16	9	-9.9	-9.9	-9.9
302	Miller19PBkk	82	11	7	-9.9	-9.9	-9.9
303	Miller19PCr	-9.9	-9.9	-9.9	-9.9	-9.9	-9.9
304	Miller28PA	76	16	8	-9.9	-9.9	-9.9
305	Miller28PBA	72	17	11	-9.9	-9.9	-9.9
306	Miller28PBk	72	16	12	-9.9	-9.9	-9.9
307	Miller28PBk	70	18	12	-9.9	-9.9	-9.9
308	Miller28PBk	72	17	11	-9.9	-9.9	-9.9
309	Miller30PA	75	16	9	-9.9	-9.9	-9.9
310	Miller30PBA	72	17	11	-9.9	-9.9	-9.9
311	Miller30PBk	70	15	15	-9.9	-9.9	-9.9
312	Miller30PBk	73	14	13	-9.9	-9.9	-9.9
313	Miller47PA	72	16	12	-9.9	-9.9	-9.9
314	Miller47PAB	74	16	10	-9.9	-9.9	-9.9
315	Miller47PBk1	75	14	11	-9.9	-9.9	-9.9
316	Miller47PBk2	70	17	13	-9.9	-9.9	-9.9
317	Miller47PAb	79	12	9	-9.9	-9.9	-9.9
318	BLMTREND11PA	76	16	8	-9.9	-9.9	-9.9
319	BLMTREND11PBa	76	15	9	-9.9	-9.9	-9.9
320	BLMTREND11PBk	76	16	8	-9.9	-9.9	-9.9
321	BLMTREND11PC	80	14	6	-9.9	-9.9	-9.9
322	BLMTREND11PCr	-9.9	-9.9	-9.9	-9.9	-9.9	-9.9
323	BLMTREND12PA	80	15	5	-9.9	-9.9	-9.9
324	BLMTREND12PBw	85	11	4	-9.9	-9.9	-9.9
325	BLMTREND12PBk1	85	10	5	-9.9	-9.9	-9.9
326	BLMTREND12PBk2	75	16	9	-9.9	-9.9	-9.9
327	BLMTREND12PBk3	85	10	5	-9.9	-9.9	-9.9
328	BLMTREND14PA	74	16	10	-9.9	-9.9	-9.9
329	BLMTREND14PAB	72	14	14	-9.9	-9.9	-9.9
330	BLMTREND14PBk	70	15	15	-9.9	-9.9	-9.9
331	BLMTREND14PBkk	78	13	9	-9.9	-9.9	-9.9
332	BLMTREND14PCr	-9.9	-9.9	-9.9	-9.9	-9.9	-9.9
333	BLMTREND15PA	72	17	11	-9.9	-9.9	-9.9
334	BLMTREND15PAB	65	20	15	-9.9	-9.9	-9.9
335	BLMTREND15PBk	65	18	17	-9.9	-9.9	-9.9
336	BLMTREND15PBk	68	19	13	-9.9	-9.9	-9.9
337	BLMTREND15PR	-9.9	-9.9	-9.9	-9.9	-9.9	-9.9
